 -0.47229188672441608      -0.63770857395989489      -0.80973801865879169       -6.4534548626766275E-002  0.51597806884800335       0.25558192044080091       0.87605484565941960        2.4665547642679891E-002  0.39416476484765245      -0.23936695381061984     
 -0.44187251026191460      -0.57386372714262701      -0.75493238922237405       -8.3388927564083448E-002  0.56281958673617649       0.26282082243620031       0.76709412490304518        8.5855226327938322E-002  0.39239086377351090      -0.22442090288387462     
 -0.32591302810139261      -0.55705787244110438      -0.75566888711779445       -5.5232300755583982E-002  0.58235593326649537       0.24840451716224782       0.81832610535819617       0.12626059105382365       0.45653123185672345      -0.25565797614703872     
 -0.34233610643205731      -0.61083360950646970      -0.75660986548898912       -8.4996686052374287E-002  0.56369995613999779       0.21179086917253054       0.82029499509739023        8.2966830198202376E-002  0.40634771923314228      -0.20848291133940788     
 -0.31686348641445511      -0.48533526733460436      -0.62852398894504835       -8.0894861981739181E-003  0.59797637005584003       0.29612563000957925       0.78405402104662336       0.18995100015307162       0.38406516400917140      -0.15911584902519088     
 -0.38328915479471515      -0.50633260381416023      -0.72221573424382224       -9.0132705045759973E-002  0.52588948222317122       0.28471353046896641       0.69975915542583955       0.17331792061468579       0.41654072539486137      -0.19239097754230741     
 -0.37896856110052424      -0.57088923131583869      -0.79929292163992582       -2.4694139638131243E-002  0.56443763816257531       0.23718386805597538       0.77480555192503520       0.11355170626060820       0.39246902094026226      -0.20207265823181966     
 -0.39108137735714815      -0.55803761670636931      -0.75482738025578022      -0.13260238766000471       0.61107943659636221       0.19568319927101963       0.76366074641918857        3.7213764953749201E-002  0.44174082851142710      -0.28321358870932173     
 -0.43149678748691389      -0.58600324352512523      -0.74309089174226095      -0.18714003326869968       0.59992721810772909       0.29582346513489793       0.80727088902082855       0.10069683543350277       0.45434003461688094      -0.27230687959700955     
 -0.44659081469550999      -0.60528641296647967      -0.74583640195475331       -9.5441737666579429E-002  0.42727903396160338       0.19478729388820565       0.69729147655864021        5.1856320530911937E-002  0.26653084342865557      -0.33949496989896305     
 -0.47536022531464478      -0.69921619102952870      -0.91012631803930022      -0.11121381750524148       0.45847239294272923       0.14279924631538710       0.70926810904815563        1.8055634548657711E-002  0.30331245901568332      -0.27891073741697736     
 -0.41467115476411121      -0.68426495330399695      -0.81525891319836308      -0.11653842288476844       0.60683739616436638       0.21255212442926469       0.77460913398616049        7.3438453862661707E-002  0.41494410985033808      -0.28864624713764769     
 -0.31836652452436870      -0.61055311218516073      -0.87665109307297495       -5.9917265713478121E-002  0.53582416631607654       0.21526950586954927       0.82920479997858421        3.8754538176395945E-002  0.31294468554939053      -0.14862132764133973     
 -0.44417135566945526      -0.59084275971763978      -0.89570091893369985      -0.14093799529926712       0.51800991570170918       0.17488173568873708       0.77346331331270390        2.2497500166063580E-002  0.37535590248271550      -0.24683247900918148     
 -0.36900868141949239      -0.54113964259500624      -0.85488292503119523      -0.12112766522687286       0.59205807076452577       0.24064144249403110       0.91325235423131901       0.10413151456769310       0.41597731062616750      -0.28503881758578020     
 -0.43181339827445203      -0.50512658364768992      -0.72711073961560657       -4.2490973256652978E-002  0.70087082438024373       0.30494488523331281       0.81992691261361828        5.8603203932378951E-002  0.45774004848584993      -0.16016552376383980     
 -0.31565721818274634      -0.55821565068682166      -0.76427585794504960       -3.3487200967410140E-002  0.59099788294099487       0.24362239893059576       0.87043833718749342        9.8060958612728219E-002  0.45825596870840796      -0.25889254122590166     
 -0.46519294185232546      -0.61303108815421448      -0.77124109442585898       -8.7466910651122678E-002  0.57509370124678416       0.23207209470569609       0.86280722572930257        3.9467969938340119E-002  0.39843563848847519      -0.25011258884598725     
 -0.32189151001253524      -0.53335691055572354      -0.82541821324338116       -8.5780284879689014E-002  0.61254630974294910       0.23366737779095745       0.78812210609730682        4.3112842399566198E-002  0.47275748691104907      -0.23744426688111825     
 -0.33210639266104258      -0.56091848562930491      -0.80834808682438797      -0.11503621511383315       0.59613168362400448       0.23910777003432651       0.82263144041266001        8.3196584048232533E-002  0.38280170776094752      -0.23391938355484831     
 -0.41314466189448817      -0.60323780197693522      -0.86895448554695587        2.9732300651210556E-003  0.67960832959236617       0.27465654533462519       0.80732510476017882        7.5981122928648226E-002  0.50646126941739988      -0.29668764903989270     
 -0.44664824897816929      -0.67006885014409079      -0.74047029621513705       -2.9671837375789881E-002  0.71569853186718801       0.20629758858610617       0.89544966979933116       0.16508703768461208       0.45227307908078102      -0.20444309769862704     
 -0.37235865014966374      -0.60436318099967579      -0.77602155521085581       -3.1651597811995766E-002  0.59999220869854297       0.12616288069361231       0.73906797859368401        4.2677049327555415E-002  0.36169927927818218      -0.18859035797084200     
 -0.39476218060917911      -0.58938461580467505      -0.76757416248056753      -0.10063121504867459       0.55705503769394193       0.15483718615390077       0.73587364968433455        5.8818570296016823E-002  0.31500751666396049      -0.27948159890498508     
 -0.46376265386128013      -0.63417569585677969      -0.89508800020916202      -0.13684724291587841       0.49037442342586962       0.30569903920460084       0.77241937976851094       -3.7351367978307189E-002  0.42698758388271102      -0.22869960881333420     
 -0.47280281505150151      -0.62888291674565577      -0.84995373856248335       -9.8691180644079973E-002  0.52028967279901883       0.21948934684258178       0.64425554970154197        3.9096062154125061E-002  0.36355296574482715      -0.21370722098983594     
 -0.40564920984014341      -0.55734557725691214      -0.83925878901751483       -2.8586111921364371E-002  0.61337024157483300       0.27560522329545817       0.71182136636387816        5.3388384487519751E-002  0.43688611132332927      -0.20225664079608038     
 -0.35833721514836225      -0.48907724283096710      -0.73339217670534240       -5.0750539139950382E-002  0.58537964588551128       0.30781440960072448       0.80208179278086122        9.0398085684523316E-002  0.40677113555340649      -0.23771363673518398     
 -0.46173785535636697      -0.63999969266574963      -0.79094132733438305       -6.2781499798866269E-002  0.55670404002427587       0.21414529449811337       0.77861626874775169        9.2181191599866000E-002  0.29220136205997466      -0.30120758159219380     
 -0.31492655724423757      -0.54764248780296865      -0.77315730751934486      -0.11776785468658903       0.52573295328385061       0.25222297563942747       0.71268001175728446        7.9531896731509386E-002  0.32571257452009028      -0.27115358071010770     
 -0.48931778548072746      -0.57883376638361861      -0.90856922034829701      -0.10013533066146248       0.54441626810038735       0.24983012466088661       0.84311203842878113        7.8266366953602395E-002  0.39851585547075430      -0.26715721244366830     
 -0.38834509679656842      -0.61716446555924931      -0.99244973706941264      -0.12233667031864898       0.47097977903186777       0.13405153287529045       0.83439273004379333        5.1933204051009249E-002  0.34185659576191663      -0.25085295733058893     
 -0.35851734599936064      -0.52650169390665003      -0.71767319414369490       -9.6796176318955596E-002  0.50808285864643454       0.13850973074039299       0.70343658351123239        2.8166263139007278E-002  0.33708921055780305      -0.20122149980796530     
 -0.34889032565026723      -0.61340396509484374      -0.72730337845995885      -0.10387503511545602       0.62417928843082005       0.20617629418359978       0.71181080284026699        7.7478042001880493E-002  0.37868957672795228      -0.24462093301089510     
 -0.36610210657669184      -0.61731007795690895      -0.71305890630824398       -7.3562642591182704E-004  0.57413903593862481       0.21730048961236034       0.79676327337371922        9.2794753922608039E-002  0.33926945545394133      -0.22466924638037142     
 -0.44233369464347611      -0.62729152695075052      -0.78146511412137143      -0.15318920048442619       0.50672468841951468       0.15695921016916387       0.81650767298040461       -3.2930230554953539E-002  0.36132538969470318      -0.31799695532474548     
 -0.36841224330847844      -0.57371443745840978      -0.68893702613405350       -3.4913323108384714E-002  0.58664671331656215       0.23443618326872828       0.74865062177022601        5.3692032532925912E-002  0.34197676240952402      -0.26011561566341845     
 -0.43149795732600299      -0.61549533523629429      -0.81656051840534882       -5.6862348165262547E-002  0.47731554526745151       0.17139753078234651       0.62489311205263853        8.3665180354487917E-002  0.30953521088327157      -0.23080089772074319     
 -0.39355844975813664      -0.59340447138804853      -0.77951420859786402       -1.4899499861401514E-002  0.49047272666655767       0.20871129002336503       0.67869177520062085        8.3670108214549274E-002  0.35785543025970856      -0.29916457926924167     
 -0.41802856601753846      -0.60879193826512212      -0.83503358595875599      -0.14839070578915933       0.53042685234117093       0.15621408664717759       0.78925001536197936       -3.1034004680033291E-002  0.35101843463709081      -0.34954486826386849     
 -0.42120363309437814      -0.62955443254052923      -0.83981536190086081      -0.19220248554395594       0.42037447725396943       0.19564089974343932       0.69173023916493248        4.8760766431731981E-002  0.32929042453049295      -0.32125503977576902     
 -0.33125145869089678      -0.49598961342212489      -0.75946153604191002        4.3829650669638655E-002  0.54651975266559982       0.25767375054024189       0.91338688176152993       0.11822202242491076       0.41974083789901440      -0.22203802434224490     
 -0.51439161998078209      -0.60607238302830968      -0.81804455488734640       -3.8090173877190492E-002  0.61488778091506668       0.20616096540315565       0.80399037392677453        9.7811581306144396E-002  0.39014163882352554      -0.29035444622957124     
 -0.38080034631399140      -0.58000856914212517      -0.71015371738825206       -5.8971466653674892E-002  0.57167530300132219       0.27716070973050877       0.81902571839803873       0.16568935527568576       0.39065128649900321      -0.19323341917160389     
 -0.39946472627579982      -0.63055474548150137      -0.83026657014056560       -8.4751840365235767E-002  0.54114620037798622       0.16708298583526240       0.73142219890023241       0.10544113322353550       0.40544671928041237      -0.27326051371796900     
 -0.43293938906236584      -0.56359013402215730      -0.87017521183406543      -0.10935484830919115       0.48215782519909833       0.19764041857390913       0.69621848816868859        9.8124924957376042E-002  0.38094391537496769      -0.25605389731375272     
 -0.44603870226517539      -0.53734081901142472      -0.79625565362092265       -9.7621870286055429E-002  0.41121458844561937       0.17419349838153653       0.67744269067297080       0.10461641168665740       0.32526761240904040      -0.19037727109409669     
 -0.32053314750001921      -0.63260382540601556      -0.86119855296337433      -0.11655663475681613       0.51031653633151552       0.23772668101438771       0.67497210460038903        4.6525723561928502E-002  0.35176733174642205      -0.20173876561008269     
 -0.49928956394918272      -0.56591943080971019      -0.81364729871754338      -0.10078429586138224       0.50939443590832212       0.19835357740537021       0.77400157090890509        5.3713814517813395E-002  0.36547445905604875      -0.24996926749585094     
 -0.45267142274213373      -0.56556229083643739      -0.82993197426465226      -0.15600171686872147       0.54333832770211543       0.18446268539344557       0.71747799949696689       0.11065278163273219       0.33949650791886127      -0.25282958790766563     
 -0.47573034267533781      -0.67175323695972178      -0.84936568436301774      -0.16255809125955983       0.47631706664252715       0.17255519295527968       0.74547092189340292        8.2666103525872517E-002  0.36154286480639902      -0.36807560628696084     
 -0.48555978795294474      -0.62361787016278336      -0.73525417111207314       -7.5335753352274132E-002  0.41998586632571222       0.17450410772064404       0.63443301847959077        2.3224180101064397E-002  0.29064501371730128      -0.31394601644876213     
 -0.44734968922545149      -0.65042016148334481      -0.79551837313141793      -0.16469542887978547       0.58942167062174844       0.15750734472542854       0.80048543406193895       -1.5773479479872277E-002  0.35437423563436160      -0.24634021417699728     
 -0.46403815263713688      -0.57986311241152988      -0.77108919677642429      -0.10395802724160094       0.52831271799547486       0.17729378811094743       0.70259406841334415        2.4261741046338974E-002  0.34007362322830553      -0.30792928796331753     
 -0.33709879023473688      -0.44032900800104513      -0.72832021628165911       -7.4448142918047522E-002  0.53748336944296604       0.17564681486245826       0.69875716894134754       -2.1864851813601337E-003  0.41641990056343942      -0.24122229507847712     
 -0.39125652804963246      -0.52611223259438233      -0.73500627168408861      -0.13830925352589507       0.52937525712540134       0.18097408555089053       0.68932086752663080        7.3378233427793677E-002  0.42125333435591100      -0.33957944444996635     
 -0.40544941963330394      -0.53770607677482918      -0.76197774868118950       -8.7723729979194628E-002  0.62410060138757084       0.33385522779478205       0.79691897495032871       0.12553527078867213       0.43224571310527687      -0.23563500847214947     
 -0.42062380465426696      -0.61137596341876110      -0.99839117054951976       -4.4559181183447018E-002  0.50616402061252097       0.18983075085618548       0.78054510780932873        4.6080007320933071E-002  0.34572750091789806      -0.28335431627668844     
 -0.48262463415125684      -0.60951474745382195      -0.82090171645844046      -0.15614992835624936       0.49907936827785593       0.11942260822684878       0.75821463922661314        3.0504786578807459E-002  0.35129310675351111      -0.28166546741010878     
 -0.37156634753295087      -0.58940837439049643      -0.73848275081070369      -0.13133157038113411       0.56729651272909065       0.25989156727238405       0.75548173836238630        3.6749668772782053E-002  0.39082822831194602      -0.26444283592088696     
 -0.46801472034893155      -0.58609172473822824      -0.71258238257711271       -7.8942298954955650E-002  0.57019630673681143       0.27536826940045717       0.79404056055866612        8.0042509031649473E-002  0.39382550363290730      -0.24033424862416455     
 -0.40675858574092005      -0.62679449752034977      -0.85431847915857961      -0.14735798037674114       0.55689981408541600       0.21201544373768319       0.76131627279106195        1.3222692046729925E-002  0.43992678645111177      -0.17476629344494193     
 -0.31031762628376630      -0.54917239457956224      -0.75977087059630355       -4.9456181379466897E-002  0.53309313170260464       0.27877836338494644       0.87687388757869211        8.9002277868979185E-002  0.38166355779345013      -0.14307083337950027     
 -0.39993563626686690      -0.56510306075869932      -0.75528434358386143       -6.3162039397683958E-002  0.59828289631979714       0.23105327752198726       0.79018857421441357        4.3954312360305108E-002  0.38483194547453098      -0.17433118870978773     
 -0.44372046399355602      -0.48267124552379670      -0.72539679340583596      -0.10287635541757907       0.57972302116663821       0.15136915460502331       0.76105651710993205        4.5833875095809364E-002  0.37463018971423995      -0.23239188141561148     
 -0.30954234143195869      -0.45889982785654593      -0.81624289765756908        8.7900367548288099E-003  0.60611848107412569       0.24332541152047424       0.83314037573797872       0.11876974102519031       0.50574932773397663      -0.17493159742569248     
 -0.33778814387364314      -0.44441136228529454      -0.64645146784692054      -0.10562327829879987       0.58409741330351739       0.25031250849664843       0.80568683123279516        6.5608159107589256E-002  0.47626055061915790      -0.19312046121416418     
 -0.44233806165821848      -0.59554109179840908      -0.77427429270784753        1.0736246530515270E-002  0.55412880446570933       0.25921804246220670       0.85947381815217150       0.17392361050480079       0.41163588531981082      -0.26185554103361824     
 -0.29266710991269085      -0.55265582874075514      -0.69652185334930994        1.4901302398183731E-002  0.51671603576044811       0.29351860457209167       0.68883904411386288        8.0904032313110399E-002  0.40183487007723279      -0.14433667285862758     
 -0.36994590303605179      -0.54055370460860708      -0.75301654214948599       -4.6024534305087648E-002  0.63805760190119687       0.31490892684440180       0.74113930075480494       0.15213699157054053       0.40690109304533889      -0.16322043433283101     
 -0.30312017327536595      -0.50481217991406135      -0.68091391809132862       -7.3228509500209510E-002  0.62274585078363620       0.28140910325535212       0.77869360903857709        5.0502207129585308E-002  0.37963772198746948      -0.22848641965251285     
 -0.47096085594628373      -0.67077145353499534      -0.85123889186354285       -5.8521223133029508E-002  0.55805464116298953       0.22966148072505976       0.71325008326483263       0.13815241552963597       0.38367283854625439      -0.19147089266011916     
 -0.39028591537268592      -0.61555293346497297      -0.85484686125302500      -0.11452639546371494       0.46760363770684976       0.24903963784004501       0.76129391468726293        5.3419271012392307E-002  0.37343247128543972      -0.26632284567811570     
 -0.42719714537251507      -0.51408536110769265      -0.80285451150521525      -0.13681730963099928       0.49647062428194472       0.18009340284215197       0.77819857071307741        7.0392961190549927E-002  0.33898706445159599      -0.19847338277484303     
 -0.44713752093431564      -0.63095841944538300      -0.79746757392633871       -6.3474566032108659E-002  0.54207610353883573       0.27882310796077314       0.82764695139233857        9.8190814511900079E-002  0.41703818760968669      -0.29028850362699649     
 -0.39037816283593635      -0.53445593084983811      -0.83824074579192343      -0.13002592693210899       0.52949591775723059       0.25761082767407345       0.91197443159495684        3.0774898175296887E-002  0.41768448827294924      -0.24824871158998010     
 -0.44694991628940711      -0.65362496002947190      -0.78237348681876739      -0.11403332241808407       0.62112474699410247       0.19873043714131891       0.80378137983847942        3.8914445884066881E-002  0.31850436069412924      -0.30376791158494887     
 -0.32696942313309268      -0.50052985717960419      -0.79215881495124585      -0.13116089202100953       0.52151956444817682       0.21419356023397823       0.66351148064477539       -1.4641552080658815E-002  0.31313894167489670      -0.22989801417895878     
 -0.47055463307901085      -0.62971175064134577      -0.79998039274609423      -0.15666161266811096       0.52372359818808734       0.13494044849794784       0.66524899848328811        4.9355143730725817E-002  0.31677805614207055      -0.31062988435657157     
 -0.34507302218991653      -0.50864849165012160      -0.73291401868200790       -2.2105537432588269E-002  0.48275629972421635       0.24715085378819004       0.82263408159079998       0.13121782347701139       0.42228921794498880      -0.26519316706614721     
 -0.37201417382223068      -0.62946213826906094      -0.88597240076029071      -0.11002062493755703       0.56472779927598904       0.21150147582534407       0.68140979639718846       -1.1743822352987489E-002  0.40902635978918916      -0.18378389532117595     
 -0.43169464442622035      -0.52593626739383048      -0.76858064653438640       -2.8633936930577735E-002  0.50815112706536447       0.30052310554280587       0.66393940284702913       0.14155116646710222       0.33261231140321829      -0.22698746162886152     
 -0.41642537918874528      -0.65200803872558000      -0.82584472395886388      -0.10375884077513216       0.47493887750613689       0.19792648502256371       0.75842860985444183        4.8383107844983314E-002  0.34318661829589941      -0.22300711096147116     
 -0.37961484082182995      -0.45225829511298921      -0.77325196949936603       -6.2818720230200936E-002  0.61951218544037390       0.14393865984617826       0.77345091131025911        6.7631862428897765E-002  0.35032089315414211      -0.28164303137981067     
 -0.45323556636312329      -0.60830643808543861      -0.83949550728656608       -7.4795589489328837E-002  0.54494008980356157       0.24023111963386443       0.76831965735754215        6.9967548090961770E-002  0.31727048621047055      -0.32043403312797991     
 -0.34321893557230743      -0.56997981701485156      -0.84203740184068321       -5.0125642720677460E-002  0.48967218257559664       0.25724876752065384       0.72271097693533171        8.1581803391064828E-002  0.38098818375383081      -0.25113532499824293     
 -0.42910896311813401      -0.63021176012343127      -0.79808159915737453       -4.7222734346216898E-002  0.54695139022591255       0.31160023790564373       0.72529327527594434        4.9325394993702393E-002  0.45662255027192694      -0.24112043150632279     
 -0.40635972479311722      -0.52957797090930192      -0.81594802278296019      -0.12540957080659751       0.54248171613623375       0.20477227033552697       0.79571447163017894       -4.8734690137426942E-002  0.27100494376222989      -0.18190151519558617     
 -0.46692886666517541      -0.58159581776419977      -0.81333420429614434      -0.17384979274265527       0.58054015010511306       0.18883094639354969       0.74679420199280255        1.9932442792585849E-003  0.38845746131329401      -0.29303468813556094     
 -0.44388297103663893      -0.71543158916239835      -0.84372465655410489      -0.11864923479784852       0.55638472359343738       0.16672677995935073       0.71137307916593184        5.3899875717184935E-003  0.32652934709051934      -0.24697839055104842     
 -0.48423992729286663      -0.57430596850829563      -0.86203310408373590      -0.11776440531988812       0.55504415323638634       0.23253519327780880       0.68174710311208042       -2.5003317338461225E-002  0.36599670407216361      -0.27028267060091982     
 -0.42443307121095569      -0.54765225971855969      -0.67485227387346192      -0.13800588077182002       0.49196636675982292       0.28027425486409380       0.83813440837193220        2.7477970470363877E-002  0.40999851147775973      -0.24753588551825145     
 -0.37353377257756332      -0.56349325910689851      -0.70472117826667691      -0.10978280971218622       0.54907185027009209       0.19435085896205051       0.84660767067777598        3.0367121264913224E-002  0.37352851531493336      -0.19153332994251357     
 -0.49208675252021894      -0.64956922851823917      -0.86247330494251406      -0.15864101445585840       0.61997740386570677       0.25195955578308005       0.84436911744815191        3.9233747494500225E-002  0.47082487095128406      -0.32501627546811285     
 -0.36533413399693465      -0.48912961616254308      -0.72147548649865223       -9.9428012000119290E-002  0.62193670205015927       0.22304686433291371       0.84487411883223784        9.0131525087955258E-002  0.35663444703321912      -0.20959192069405047     
 -0.38823463958372834      -0.47299277899754072      -0.73096345226984150        4.4651071287936092E-002  0.63274837445253218       0.26625363785249867       0.91958112660307190        9.2051088944989298E-002  0.47450696613453247      -0.19420119639107314     
 -0.34576559060997936      -0.56625851391108994      -0.77873803516757689        3.1847785531675518E-003  0.65071730274531026       0.28914282756915755       0.85205464100601380        8.5032355836407156E-002  0.49891256608137213      -0.19497831191499956     
 -0.29055193460243023      -0.49177824989074392      -0.71351689812863128       -2.0970877396392753E-003  0.65445601048438407       0.24213346387337664       0.77954850340066861       0.14566722226585180       0.37752618157111828      -0.10122658768595436     
 -0.39116660339015935      -0.57796106723901097      -0.83296872253152521      -0.13519022516749135       0.56508552291596292       0.17574916586889500       0.77398127738429390        5.0849983077364637E-002  0.32330778388804465      -0.22752818426389301     
 -0.48930595065298643      -0.68059348337668224      -0.84993503080335053       -4.2425468278377711E-002  0.63952013391723150       0.21168442144751559       0.85570570953415792        8.5988234236250211E-002  0.33207597589063126      -0.28832705935269454     
 -0.33422704127126773      -0.58338940982810650      -0.80323726725617217      -0.10540682490183033       0.60051299007721071       0.20530403640404971       0.77004003726400883       0.11320290259324273       0.37182035258624124      -0.18636639568455685     
 -0.43098246052875444      -0.58102009383263009      -0.86744921391261476       -8.0794531587941310E-002  0.72614713978579704       0.19608271967588128       0.91460826492258496        9.2401102382531505E-002  0.37618044290570679      -0.26801307925334777     
 -0.40456171722552409      -0.50551097853769733      -0.81963771852924394       -1.9560090153205117E-003  0.52361015300880243       0.27600156328641640       0.83705075334603385        9.7656498644373299E-002  0.41083843830026645      -0.20460399849809874     
 -0.39853636843344631      -0.63171447401349401      -0.71849035343653456       -8.8490251099786227E-002  0.64356905901668660       0.22952753321914673       0.72330317438425107        9.9242932606099316E-002  0.41571205653638665      -0.18577679329105179     
 -0.43964758873158444      -0.59116755395333787      -0.86022236642114136      -0.19725730497712321       0.55403328982365219       0.29875986355365602       0.80643639920523402        6.3843872134495008E-002  0.39158447906827248      -0.23231448351903825     
 -0.42267975404823172      -0.60630114643293342      -0.74525245934860318       -5.8539403117556406E-002  0.55722713009217528       0.21975505838393836       0.74520118550642234       0.11618064149815942       0.40858441254728695      -0.27831572941007676     
 -0.40265966306004308      -0.48542513902837175      -0.76551364414517120       -4.5719558451234640E-002  0.51878117029528037       0.23932744872205569       0.83455693822931765       0.11751263781003531       0.42622227988927136      -0.18545206035574488     
 -0.34247602229346902      -0.51615484800615929      -0.76739814747326385        2.0886264994903328E-002  0.56972938739955969       0.28873491523339906       0.75929329376627186       0.11631051443480007       0.45497123198192785      -0.20714198654157556     
 -0.38629630860996655      -0.62348099493912867      -0.81124762393819971       -4.9195069310024236E-002  0.50239175391569713       0.21293086604440026       0.75654393491777272        8.8118180674970015E-002  0.38200598475693009      -0.25225365919525544     
 -0.45220177680774326      -0.58934848776552251      -0.81819687287589982       -2.0581645981904238E-002  0.59205266945514679       0.25751713253387420       0.88603716381156261        5.7533739827912683E-002  0.43357093653296191      -0.26396553253071853     
 -0.48761466821164084      -0.70479109437890586      -0.80040097863432214       -7.0238112865817479E-002  0.58154737934961998       0.23332867977542027       0.88513747123919373       0.10935077321202430       0.36751928862717692      -0.26557093577797708     
 -0.45742886440921071      -0.55907154142297122      -0.85295985583716250       -6.8816577867355455E-002  0.44732104325040412       0.12693869369831551       0.73663846295844815        2.5281900646373048E-002  0.32045051205452724      -0.31848057722824952     
 -0.38139835800752742      -0.53433335959088257      -0.76598385155713400       -8.1705168579171011E-002  0.51245414422094315       0.21593892163689513       0.72197553665619052        9.3411774242939227E-002  0.39851947031815466      -0.26925052711676123     
 -0.33091656586257640      -0.59909929641677995      -0.83258002793188945      -0.10775495618231971       0.41241884904895199       0.16960634248826698       0.62810905480692925        3.6036127576747255E-002  0.30247502169078050      -0.21290907688243410     
 -0.50954906999401506      -0.67500198909580089      -0.88030594185548972       -6.5941837654524799E-002  0.53750473669217358       0.14815444910684439       0.89819513245114857        1.9608735719857467E-002  0.37488529777280954      -0.30502697778624493     
 -0.27688781983009314      -0.49395982340775690      -0.86077437384621636       -2.7486717626542874E-002  0.55864712902177993       0.23471360213161538       0.85556754725002560       0.12622255880046074       0.43068309128252097      -0.14167838422914203     
 -0.29247753925742209      -0.61196788563609938      -0.76714617660543161       -2.2185658379347065E-002  0.65135960348080002       0.33179358308320500       0.83726596419690624       0.20127979917499597       0.53111975491010222      -0.14583934777457708     
 -0.36783803217690486      -0.62528140046011027      -0.89863303752836099        3.5601376468454161E-002  0.63341177111749436       0.35739669075411767       0.91926407376866481       0.20116826923791581       0.49827805967734995      -0.21381402009935976     
 -0.36542012201297019      -0.57747521546222680      -0.91982567113950253       -5.2397180283488026E-002  0.66472846567765154       0.27960485927195811       0.79813093917606037        9.9729370948820437E-002  0.44609042767543233      -0.22133239020640869     
 -0.35118172423996202      -0.49777989696004060      -0.66509202050636484       -5.3989827241141472E-002  0.56187711745635460       0.25142250607706201       0.74823663773639482        8.5557861698467311E-002  0.47722796023075126      -0.21954723789106362     
 -0.30151299272812654      -0.56336532443358156      -0.77974345293062686        1.3850118797106212E-002  0.53537833431452664       0.19832257037944351       0.80967958751129687       0.14366919007312187       0.39910058073834093      -0.13795240017467009     
 -0.34082176661114438      -0.46067133775510200      -0.69234104645244599        1.1131158725837510E-002  0.55576754558847585       0.23680167203932329       0.73958491060391718       0.11525511383715378       0.45781979755056174      -0.21232656620970067     
 -0.35016335245128549      -0.55855085645442948      -0.79194846953332376        2.2243469684655535E-002  0.66040197603691819       0.25703980281107580       0.72975499322125148       0.12715150789870575       0.52295873372532942       -7.7289274746583855E-002
 -0.36443965399888906      -0.64367766605218801      -0.80730059387407405       -5.4023851785987329E-002  0.56355067716202112       0.25051332330373011       0.76022466282704804       0.10293606869124283       0.37270032683303156      -0.11753466912382343     
 -0.35288056664483830      -0.54016949444327467      -0.85523762277813764       -7.9856590145216441E-002  0.64568282290225243       0.22159304694684681       0.89552099736227819        9.2818936486401937E-002  0.37685158365741317      -0.21354035156311130     
 -0.31180142409043032      -0.44657378971508055      -0.65164968503740472       -2.5280173443062014E-002  0.58150653612883973       0.24561338166154573       0.86443293283741807       0.12563614990806735       0.40942813935521000      -0.15697122501643879     
 -0.38264456929996332      -0.55117481244711974      -0.78368970372168545       -8.8950433122457873E-002  0.69771149877066740       0.17880396164941600       0.80880412306357741        6.0057598763372445E-002  0.39640692627785040      -0.25408274793692542     
 -0.35503510549749157      -0.63285768045413970      -0.75232564246613154       -6.3252106492561536E-002  0.41462684604526451       0.17054182135308396       0.69022637427370015        8.3853213296118931E-002  0.33639122401264049      -0.20189660395156522     
 -0.41697646774563751      -0.63053411348915012      -0.81658885678048521       -2.7010205605045159E-002  0.60184464150514927       0.31814972784012879       0.80265413370928040       0.11637055896192300       0.47431433016560592      -0.13750025445934663     
 -0.39267741809955908      -0.63328557518815232      -0.77308623799676379       -8.3346672998759544E-002  0.63664158242892632       0.30290181724354276       0.79217865399032117        4.8305883798063429E-002  0.41409001875473567      -0.21804702874673643     
 -0.45104137558112845      -0.66481847910062553      -0.82198907946030597      -0.14465971966019534       0.52133590977335131       0.24896110465828733       0.72421054166809495        8.2823152604394948E-002  0.32780073694692585      -0.29849507222839194     
 -0.46185877191990571      -0.58574007523688276      -0.72787293556881294      -0.12290972070804831       0.53688467812818885       0.17133441718226708       0.75692368196500515       -1.0095724206242333E-002  0.28714182520843917      -0.26035893149747824     
 -0.42014586698629347      -0.57753373847800427      -0.75826210936751315      -0.13083683540273175       0.54393013393970069       0.24104497178946585       0.73519822945185054        2.0161238801250789E-002  0.38196767734425496      -0.28098381814282841     
 -0.45213182523104889      -0.57443891976537176      -0.90780429396788198      -0.17802402153284749       0.51653005494393689       0.18670019167627666       0.74903393712431654       -6.7151453063327204E-002  0.35934275794936915      -0.39926875625944497     
 -0.53361258653345123      -0.61428299679337306      -0.91716590538663523       -9.9941456727261319E-002  0.46720356383343303       0.14778262300558445       0.77021554521065494        7.5341988325715023E-002  0.28039857076544517      -0.27291075844125295     
 -0.46045305830617300      -0.54836689507370240      -0.85348425604479916       -9.4558334039802544E-002  0.53166600497661076       0.23201623044521638       0.72645272491003365        1.7908519084399731E-002  0.30072287112869045      -0.21955172014236440     
 -0.44330841869519177      -0.55479732798697945      -0.70568082518698660      -0.20187128387565503       0.49833717887011553       0.13893885788805452       0.72551812439732211       -5.2453091860790599E-002  0.34176736976629879      -0.30880986571027524     
 -0.34503187787688405      -0.53242809347614795      -0.73950633858088000       -4.0233414707276864E-002  0.54774802475525519       0.24200778763705699       0.68491332874362221        6.5791797782861428E-002  0.43357527647038635      -0.26631305047213949     
 -0.48483638444329225      -0.57010529035257218      -0.74113574238297131       -9.7376135024358851E-002  0.48577769655515290       0.17842415079651691       0.78978554335148110        3.2308476495361574E-002  0.36261779605200217      -0.29946146227934756     
 -0.43796687491830416      -0.56716724923051220      -0.87254091620807206       -6.7469982064175926E-002  0.49628632829048536       0.23392323304735196       0.62940407869685644        7.1294957099204706E-002  0.37624896075093589      -0.35027053430042582     
 -0.41633666173531247      -0.55316824394082964      -0.78591567210090119       -7.4062942983379038E-002  0.60934763367225642       0.24232489018354267       0.82194317262154148        4.9510635186280703E-002  0.43734766713688322      -0.23120299346424442     
 -0.49978091859549506      -0.68611789096612608      -0.96922140234279941      -0.13570032133918553       0.52905555340966959       0.13690875721978291       0.71370928541091005       -9.0956136166207829E-003  0.36978022858028253      -0.23913959789403724     
 -0.44957943408571088      -0.58177727228892051      -0.79209774627780971       -1.1118101481506900E-002  0.61390653403946538       0.31751338751525027       0.88822398836567007       0.16518634925841552       0.44083070369319022      -0.28161251881146399     
 -0.47794990396128584      -0.54325067143433114      -0.74112971414198126      -0.12714251513418240       0.64540453243972062       0.23301898468247714       0.84565878939367989        8.9487072157816677E-002  0.59215594164164553      -0.21643610292141405     
 -0.34776839584735530      -0.53296988426636560      -0.79512859913485701       -2.4888882187632959E-002  0.58455909012074581       0.24726032371230650       0.79652921036050817        9.2092544132148152E-002  0.43769526997768055      -0.19328799410103112     
 -0.37156444206703249      -0.51870128695078721      -0.76143041755154506       -5.9349381032252901E-002  0.63031070400983003       0.37516369734826160       0.87043655142285414        4.2479194741758736E-002  0.49562461951732112      -0.17274228609363088     
 -0.37713490699867708      -0.50241045527620165      -0.61919235521902605        2.5368229435668199E-002  0.66867546213891327       0.36723788002494734       0.98291495423439823       0.18060405114770228       0.49030417547372912      -0.16912255254567704     
 -0.29796225415894284      -0.45570551365876488      -0.60510670310502279        7.2403309893706691E-002  0.66549531788072913       0.34951906960054668        1.0899612287441873       0.25110133981642924       0.52020660690865272       -7.6957323204597070E-002
 -0.47311903576700259      -0.63976341501031198      -0.90474775152015352       -2.7991343272571217E-002  0.61912525755918757       0.27387210673982759       0.73570057057743787       0.14634197256262127       0.41413596128637969      -0.18755860600655466     
 -0.41608077134289767      -0.60124574072062198      -0.78129567031120561       -2.8597278738865729E-002  0.55221374194089734       0.23172690120596548       0.81683479074247622       0.12786362152478134       0.37388940555536071      -0.20608626881897157     
 -0.36120913861801157      -0.51582317831650148      -0.82600447649555542       -6.9684596626736248E-002  0.57436951482348708       0.25660302808685725       0.84871794558678093       0.10145151671492451       0.39533313166055534      -0.30068999583745259     
 -0.45403167446475962      -0.59057485515523422      -0.84801205058177043       -7.8857495972579378E-002  0.47341715177462490       0.20233088194994509       0.80448639233686658        4.2873136512539815E-002  0.27449708541529477      -0.20268696268136571     
 -0.44989737900818988      -0.64205183526234233      -0.68214493470944670      -0.12367734676222548       0.57619329975975886       0.26483401461227701       0.84986378001991403       0.11091790928777251       0.37981208478033307      -0.24372054299364146     
 -0.45421456851843828      -0.57497609344910039      -0.79708632814651337       -6.8673767750564815E-002  0.53612296248491842       0.23470661116497091       0.66809629424870420       0.11485710324520788       0.41895886966861856      -0.21141230807827144     
 -0.46877485001614633      -0.61667943684534821      -0.83808373610403475       -5.3590455479998510E-003  0.64029163871891226       0.30234469157823690       0.87031348703559797       0.10197785319798423       0.56623245057228333      -0.20374939105186154     
 -0.42508193528548527      -0.61643483386135323      -0.81136634511033157       -3.2907494405885133E-002  0.61548286258600771       0.32002345765950219       0.97975369113825506       0.14045908914024685       0.46832342285336220      -0.22427168388595262     
 -0.36845557774059329      -0.48149022253759183      -0.82295999709448231       -4.6527310784294958E-002  0.57678565253018566       0.26874613266702885       0.88220988900495212       0.16426360425707093       0.39683139577143139      -0.12282008691468517     
 -0.30022958604742683      -0.45182287236991864      -0.68058899090115377        6.0461282989115205E-002  0.48523521682725862       0.27429534716337717       0.71936912140868370       0.16170909904472169       0.34655137828283483      -0.10851060493017120     
 -0.30477754146488439      -0.45238121327601905      -0.68003718577884675       -3.4564105539407801E-002  0.63106104858625811       0.20836137159228313       0.77278985956845725        7.3033863031918278E-002  0.45758233407969373      -0.18098994109249308     
 -0.42830352254804843      -0.56570563164084986      -0.77161690827967200       -3.3509737993760932E-002  0.59444957833048473       0.31456962513785297       0.76475599853398679       0.11102153731097077       0.37592001988891949      -0.23720816129693784     
 -0.33058721922794793      -0.42043356343389421      -0.76050178942399005       -6.0373487674918187E-002  0.59995816122896695       0.25721543182261064       0.79318141126775499       0.14996296779741647       0.38086977213446449      -0.19548013374516257     
 -0.31966198805307028      -0.51997370549197963      -0.82001374397532045        5.2104930737816111E-003  0.63270775356867393       0.27747484573315312       0.86372269640200150        9.7614604453546069E-002  0.49889321302678624      -0.24460180024151726     
 -0.39501321665402239      -0.63244684064212975      -0.83444404797424354       -7.4752614801124814E-002  0.66479953578868800       0.20869160543970522       0.82270808462157274        9.2819881315211045E-002  0.41147644157551300      -0.23945528933395677     
 -0.42568643247036325      -0.56660644161059925      -0.70834427003747213       -6.8181260539933702E-002  0.56713785167678099       0.25158495134078285       0.82774608017038875        7.6129724578944499E-002  0.41490464714768049      -0.29675980890995773     
 -0.38425013434686012      -0.56152466987073912      -0.66630582787760773       -1.9184585810427196E-003  0.55872435985929236       0.27851890216397740       0.83959129309907754       0.13849332441431528       0.44775155904862990      -0.18680672418060359     
 -0.36357090414863857      -0.59715235850921111      -0.79012256971667549       -3.3891544717538642E-002  0.60967789735978950       0.21453718159593924       0.89133489443522895        6.4861271526603523E-002  0.35694980566717904      -0.17808504683686616     
 -0.27718562995863644      -0.57103479933585621      -0.67901178824654973       -3.5730364389088047E-002  0.63170482150318630       0.25734587083372990       0.86091702019581029       0.10892854538329388       0.51769520102479050      -0.19358448068469336     
 -0.36567911169366568      -0.55539882358841020      -0.71754950638547665       -7.2981544317807873E-002  0.63645948691134735       0.27304636284810502       0.75827539852817016       0.14785794269021049       0.36951840801513641      -0.23517234941547088     
 -0.39020908781213598      -0.51987876361942442      -0.63928331981342124       -8.0152581327659372E-002  0.63797797063699457       0.25325291311147213       0.73390414090371114        7.4867019408400820E-002  0.50851848098215624      -0.24430107198809545     
 -0.45387804885812144      -0.59056037379751636      -0.76710939625473717      -0.11214606595487343       0.47513144144442299       0.16695847062046995       0.74002148551358493       -5.1421546598630324E-002  0.34742758436608007      -0.20174553565987427     
 -0.33953311520220558      -0.61249456579162820      -0.82216046711035962       -5.8642317550326901E-002  0.62410060103035225       0.19685310110507154       0.82901778933320514       0.14321780218833607       0.44525382138586467      -0.16909125725326229     
 -0.34810157567193706      -0.52954564583468100      -0.78825010599885215       -7.7304307319014873E-002  0.64399553185621583       0.23143711267523046       0.84533943375280873       0.12442817277809287       0.52620731986828961      -0.18029879156918333     
 -0.46755739281856873      -0.61968770317792998      -0.78832573755569202      -0.17303849309919520       0.62924555760427459       0.30719212419015185       0.72785896849554532       0.14381837123580385       0.36067279066642488      -0.35115870438517438     
 -0.36221825704968991      -0.56509571109823620      -0.79028232119501995       -9.6290652194851195E-002  0.53643606118063702       0.32996004411714008       0.80352708909235759       0.11273969432229820       0.39536668266689734      -0.31174792852741695     
 -0.43770979195074600      -0.54662375007201391      -0.80207188382343864       -9.3860653596331528E-002  0.63335423206405705       0.27090987992378196       0.79868428388935220        4.5932102090682110E-002  0.37864752091588444      -0.18439324357147605     
 -0.37234174834300698      -0.66110511360598467      -0.82084521353349094      -0.10279699971085357       0.54152725053494966       0.22738701036850170       0.67459191856841461       0.10485103831690971       0.34232400845663635      -0.25914561731422836     
 -0.36540508594153243      -0.52201792370440214      -0.88619461174851033      -0.11516873799226146       0.55836587061043164       0.18905051368141321       0.74000437793916796        1.2433995189574215E-002  0.39209049673844981      -0.25902604701803350     
 -0.26466282622151577      -0.55167345457613770      -0.74619033350115227       -2.8561473971278735E-002  0.57067660590185632       0.21614100293448466       0.80930559000732560       0.10787301235315037       0.39251101791266207      -0.14858679364265096     
 -0.33663851208654666      -0.50222732985681140      -0.66384308808734782       -3.8709227379482604E-002  0.52810143930660491       0.24380709418459587       0.66068864383685377       0.16490929524391143       0.33334116717502599      -0.14462384278126025     
 -0.34185719206012899      -0.48721711569377152      -0.73730521839649688        4.5302223411150831E-002  0.50417443577964294       0.31192129193139884       0.65568007821246888       0.22431528748907398       0.38539554444440788      -0.14986925269016785     
 -0.40499262129613411      -0.61677227499217047      -0.86431324186858449        6.2005100412697673E-003  0.55545552800434994       0.23550481113082886       0.67675314675180087       0.12075648007919258       0.32075613465606673      -0.14262931362432577     
 -0.31479136580446854      -0.58595401173447226      -0.78127110199378358      -0.12217093031960047       0.57940282200792592       0.25580699703373944       0.83601419506472330       0.14114906570562752       0.39124209185913189      -0.24162790242523818     
 -0.32801872297050455      -0.66892710379490694      -0.76260582127703047      -0.11834271836176979       0.52549731444097270       0.18674886982549443       0.80486797955856770        5.6407442646501322E-003  0.39276262942744444      -0.20422022961726649     
 -0.32659145103374176      -0.52418810410598971      -0.80708325918489432      -0.11876444062195420       0.45728833608753799       0.23102443119343635       0.69998428463663231        6.4113299961169226E-002  0.31133692713191302      -0.26011421949256164     
 -0.46520595628511557      -0.63958150408546521      -0.85494937397250947      -0.11355451624095168       0.60748802586328510       0.20421261661122644       0.77926641796501317        9.9458546795678934E-002  0.43209607551219520      -0.28121523941603127     
 -0.42200640388597377      -0.53813812651741477      -0.68867600423126785       -9.7185247779173242E-002  0.63922617715505059       0.23755349722459027       0.80932696840324403       0.18363181536554840       0.36641488185218818      -0.28047481259738249     
 -0.36526602225638505      -0.49946840488574512      -0.82361693925191182       -8.0259097758370340E-002  0.54209101236538215       0.28386603240749886       0.81851822384126771        7.4631900306205756E-002  0.37942927616835803      -0.24246481415112223     
 -0.37576211427213069      -0.51230243268594888      -0.68483361200497894       -8.3955601776020558E-002  0.52133404875573719       0.27897010519141296       0.70622833699281629        9.1741800973222057E-002  0.34963652448651411      -0.18245269677668566     
 -0.39516102541976489      -0.58987748239713333      -0.84164575886693405      -0.13598720506600456       0.59215633591069883       0.30265284672144888       0.81334094637558429        3.6619981939509515E-002  0.44748397189656369      -0.28945560609985899     
 -0.33441907146940780      -0.58797213678975269      -0.71709501557500266       -4.7409172481070128E-002  0.60114872366593142       0.29143177929068642       0.84961960250265822       0.10647839848776514       0.37581962262566304      -0.23873785560197472     
 -0.44585427230779678      -0.66232474524281537      -0.88349173346952681      -0.13194167686662142       0.61769838086186935       0.24399108795120325       0.88728266139399425        6.5020448959836052E-002  0.44936617237840082      -0.25331657072287711     
 -0.45392451924593841      -0.57843292629174503      -0.84680000196017990       -7.2306204714805325E-002  0.51177256766905355       0.29297042726995526       0.90319666028054979       0.11465632862009638       0.41602440217634590      -0.26805947734977503     
 -0.47877674518976515      -0.64162843591550012      -0.79778929833467782       -3.5552175155644190E-002  0.62889557439386690       0.29355862257148108       0.79904361964617021       0.10932992847136977       0.40538160035006404      -0.18687494377610867     
 -0.44374601915663453      -0.56512237516195318      -0.82011462168143501       -3.8018651975063468E-002  0.48173131196881630       0.20403312501888188       0.73009970068724894        5.8659243263302734E-002  0.35519841825127135      -0.25437443091397705     
 -0.45236563395738988      -0.57638156816610397      -0.75584532813189786       -6.8860574216542845E-003  0.57309204326677055       0.27302053062790715       0.72634972189191449       0.15589502440513747       0.44993757809227708      -0.30378438230241606     
 -0.41993294062116399      -0.59716091949173655      -0.82731393834065181       -6.5558771919360381E-002  0.70390073834468381       0.27620564577006468       0.94485590509720085       0.12956764518567057       0.42783658038012051      -0.25898370853015634     
 -0.52311522607076621      -0.63268635802089557      -0.78735183370298534      -0.15614347094508882       0.65687485448410143       0.20841792367306403       0.83261216662302517        4.6677256299190263E-002  0.33343020942310514      -0.30616386068669443     
 -0.30230185742852789      -0.43255074115631981      -0.70301161121007449       -2.5473814203413016E-002  0.62673699231703439       0.33193952178402086       0.87424894078566873       0.12288677561831429       0.42617304535310679      -0.18886030493819356     
 -0.36342813040390526      -0.54698190899215793      -0.71905647936148143       -8.3557897322829547E-002  0.47163716484433249       0.24118087962711476       0.72057908377583835        5.2173406901064923E-002  0.37055367376627008      -0.20046542348826113     
 -0.34851801839531510      -0.52648816544466914      -0.65433384674408179       -8.7715181854233354E-002  0.62973999252311286       0.20355480281165442       0.77623408677850780        8.6769630537994788E-002  0.31184131381370772      -0.22913301454755861     
