  0.38736411990401437     
  0.38949100945760401     
  0.39090018671971671     
  0.39536489870243868     
  0.39419910636212402     
  0.39267100108381459     
  0.40052978783736498     
  0.45853761762073825     
  0.42389388832915964     
  0.40995725086509338     
  0.40457252990312809     
  0.39831369192731919     
  0.39804337203782297     
  0.39689350729600870     
  0.39866859571429214     
  0.39635653019313638     
  0.39559400837803566     
  0.39479941429198862     
  0.39371401489604951     
  0.39263376255397586     
  0.39387926868006295     
  0.39359697457885523     
  0.39206125194078978     
  0.38864908604170195     
  0.39118496411579762     
  0.38968738804798209     
  0.39373794331219514     
  0.39059644717883962     
  0.38817526286172077     
  0.38777249452313689     
  0.39084475429781007     
  0.39218211858941088     
  0.39812025894135078     
  0.39505378152267684     
  0.40486467413247512     
  0.39780828037670335     
  0.39414100019881282     
  0.39278493552240812     
  0.39188292431547872     
  0.38981344187299355     
  0.38924706423750632     
  0.38552471720698578     
  0.39379368888104915     
  0.39490142346006507     
  0.39160367238085991     
  0.39227157499420057     
  0.39494489307214087     
  0.39352542055299289     
  0.39263191764524580     
  0.39306093301963618     
  0.39383986493784628     
  0.39475954592918039     
  0.39074647843483951     
  0.39000164388170139     
  0.78146408101344600     
  0.63102782667366863     
  0.53159300735151194     
  0.47773683951155099     
  0.44242533785654664     
  0.41871182304324672     
  0.41243382019186614     
  0.40381749072444878     
  0.39352388660019050     
  0.39443966047612994     
  0.38973170680610186     
  0.60928206790383865     
  0.51621117649033399     
  0.46566564844137986     
  0.43484961382572124     
  0.41716953948664204     
  0.43960570422830580     
  0.42353677909667420     
  0.40737799228148475     
  0.40548183669552562     
  0.39747357352295409     
  0.39904112278025478     
  0.39591136238556307     
  0.39426617267859981     
  0.39438286170284903     
  0.39379406757124985     
  0.39838451045923207     
  0.39401062128513487     
  0.39525572434058537     
  0.39246599373987429     
  0.39068824519581336     
  0.39101924449708642     
  0.39755973460174565     
  0.39364501230896715     
  0.39119657774567934     
  0.39602973759528476     
  0.39456473058582547     
  0.39310687373266234     
  0.39357937015041888     
  0.39267092556513927     
  0.39343150518769643     
  0.39352239970846598     
  0.39189403483586099     
  0.39678217639151342     
  0.39292356178697108     
  0.39135439831175417     
  0.39627117176152787     
  0.40004630498253840     
  0.39469127231565798     
  0.39397824033316120     
  0.39238731915543545     
  0.39162339031143922     
  0.39023352885903245     
  0.38994497488500263     
  0.39623853315660407     
  0.39409782926869835     
  0.38919435735987551     
  0.38976824958264705     
  0.38878379503147636     
  0.44796947409432669     
  0.42336031769677640     
  0.41477077188653455     
  0.41905102584338411     
  0.40790132783718192     
  0.39839607730921378     
  0.39633243507945387     
  0.39946002461766256     
  0.39618682092180008     
  0.39640419731137294     
  0.39580719288768201     
  0.39302163675412954     
  0.39268859330369571     
  0.39429426121637362     
  0.39007003800209622     
  0.39457432486507743     
  0.39213503916566472     
  0.56342141435504789     
  0.50060163502311394     
  0.45173586241911662     
  0.42988706255988018     
  0.40928783266875024     
  0.41132383413148149     
  0.40418991584584063     
  0.39985884605695743     
  0.39975845748788780     
  0.39728256536498946     
  0.39641740020928817     
  0.39442645682849603     
  0.39366009110177130     
  0.38932699281026450     
  0.39100127527155798     
  0.38679193616630847     
  0.39067206957798517     
  0.38860212286861368     
  0.38903024884296433     
  0.38842641182040694     
  0.39083954394361409     
  0.39198058287706239     
  0.39095489433784864     
  0.39735891559961622     
  0.39457194779815197     
  0.39178870489622070     
  0.39277770482981311     
  0.39070202038201918     
  0.38877730911529951     
  0.38835233698981930     
  0.38839024509547271     
  0.38541783512235545     
  0.39632293772579552     
  0.39445889759227176     
  0.39772828264476767     
  0.41416749528636393     
  0.40317141067002454     
  0.40193028121931484     
  0.40409725138940544     
  0.40597821346353330     
  0.39646730938786606     
  0.39525031277998318     
  0.39469462939282485     
  0.39119530015109555     
  0.38815182333848852     
  0.38878323506927115     
  0.38821383489197248     
  0.39156449721343656     
  0.39646318513061279     
  0.39358811403084443     
  0.39333756524297248     
  0.39039894951549003     
  0.39754047076166216     
  0.39527997636695239     
  0.39304544269165426     
  0.38929110727499960     
  0.39267554855243597     
  0.39217025690463431     
  0.39004567383954530     
  0.38806542175477943     
  0.38815885929497967     
  0.38916406437396839     
  0.39053506475451832     
  0.39021311663635971     
  0.39342468315326334     
  0.39807914272823725     
  0.39625195954150344     
  0.39553482401924334     
  0.39914459478713737     
  0.39971605329222165     
  0.39778117293378329     
  0.40076923998618336     
  0.39904028342241182     
  0.39414039469119083     
  0.39094480226269168     
  0.39030318566490202     
  0.39279233909974570     
  0.39764048017614351     
  0.40048366110470701     
  0.39996140861284374     
  0.39131955323560574     
  0.39052529563572930     
  0.39019298230301591     
  0.39600535023843997     
  0.39134585881513823     
  0.38972289471865645     
  0.42891641295571853     
  0.41723305343982986     
  0.39959725185946454     
  0.39512680052026156     
  0.44079432166842147     
  0.42352192300424291     
  0.41238891785430176     
  0.39998094425696196     
  0.39419924572723808     
  0.39903006425740395     
  0.39578025616472301     
  0.39414338363239504     
  0.39159700447091966     
  0.39486784194651620     
  0.39559038820818865     
  0.39349096591923433     
  0.39519935642474402     
  0.39209359336743987     
  0.39171001800255772     
  0.39189952637306741     
  0.39087055689703365     
  0.39159276495578943     
  0.39236702688687886     
  0.39269348006195004     
  0.38919908964324124     
  0.39078934180179870     
  0.38921187802917201     
  0.39070032932396015     
  0.39449979247607908     
  0.38985730983364542     
  0.39289483779184708     
  0.39243171395419441     
  0.39280442808739102     
  0.39588984102511332     
  0.39482961115530679     
  0.39187343608124503     
  0.39382725128033164     
  0.39190316745410142     
  0.39170339741092930     
  0.39470100435827071     
  0.39139365648057078     
  0.39136135603488503     
  0.38999528480150497     
  0.39143510302315754     
  0.38999408686763665     
  0.38870116223933610     
  0.39130416176791499     
  0.39111541185086929     
  0.38795643231091925     
  0.39446007468243188     
  0.39200122940162985     
  0.38943872095175075     
  0.39659897354340351     
  0.39944006178405900     
  0.39503615472697950     
  0.39216523749406867     
  0.39283330092358376     
  0.38780491666092864     
  0.38794077139686806     
  0.39356844222857612     
  0.39586616551295378     
  0.39456773292667030     
  0.39744401799190854     
  0.39797975610318703     
  0.39860291614831767     
  0.39610818409499232     
  0.39466912854068087     
  0.39780672445891985     
  0.39164073801977944     
  0.39212371549424541     
  0.38798180559710715     
  0.38879181086110060     
  0.39117462075639464     
  0.39543541323793446     
  0.39998740763700930     
  0.39914138236771934     
  0.39621587899583743     
  0.39229239058058174     
  0.39032324404115132     
  0.39055549858528943     
  0.38629999659633329     
  0.38960878102060115     
  0.38892332487792430     
  0.38801346132348746     
  0.38496804044412369     
  0.38762964909369019     
  0.38824545018121870     
  0.38486546208861638     
  0.39489357120906199     
  0.39283826979663694     
  0.38846180933886193     
  0.38809217272382118     
  0.38887211109217645     
  0.39083027502044987     
  0.39283307770502923     
  0.39187833704572128     
  0.39350342292974511     
  0.39347618332692058     
  0.39354677107181685     
  0.39004412265189586     
  0.38824655904685945     
  0.39182630571780785     
  0.39109038178043037     
  0.39145894531367942     
  0.39111231309902356     
  0.38949756622281412     
  0.39063733676517809     
  0.39301775250905896     
  0.39640960786300899     
  0.39113227945771617     
  0.38664245162849342     
  0.39166488124335935     
  0.39312494683322713     
  0.39574677655380569     
  0.39493981765592401     
  0.39522980783725209     
  0.39543634905901592     
  0.39461354028761575     
  0.39488310463183446     
  0.39705383369430902     
  0.39582269136304471     
  0.39459180877888822     
  0.39679616496989184     
  0.39892900535339720     
  0.39449915630232901     
  0.39381103463835970     
  0.39118168377340035     
   1.8300961481589468     
   1.2817766049345740     
  0.91345965924034445     
  0.70036971753584321     
  0.57290907809274438     
  0.50511736706147481     
  0.46167302946745559     
  0.43909696826280631     
  0.41739353699582848     
  0.40313302765671616     
  0.39994188330631020     
  0.39492157672036127     
  0.39500556259888753     
  0.39033281781170936     
  0.39558468648721956     
  0.39639921026025360     
  0.39580277929817353     
  0.39265065532637977     
  0.39377525641914934     
  0.39340547495746925     
  0.38853851702073361     
  0.39053220993135013     
  0.39061274453206579     
  0.39127742192733550     
  0.39250757603814967     
  0.39097819200973488     
  0.39292804377811513     
  0.39742629347476721     
  0.40283657041064957     
  0.39991267798361446     
  0.39711398299241707     
  0.39268977724503740     
  0.40450301894279989     
  0.39889088817651031     
  0.39585717710080476     
  0.39826652871900214     
  0.39587571141406785     
  0.39565790838316489     
  0.39592267997974517     
  0.39452536699987489     
  0.39531920639493245     
  0.39305514870721903     
  0.39349335639344746     
  0.39118211329745939     
  0.39288334527391378     
  0.39305883323190777     
  0.39114814938217696     
  0.39446296614290866     
  0.39294810927438290     
  0.85313292660985429     
  0.67235648657426295     
  0.56125617291498642     
  0.48385771648314607     
  0.44593898863414816     
  0.42081744208590210     
  0.41124667311612584     
  0.40086262434238051     
  0.40113246572211170     
  0.39460304381869171     
  0.39277440358830740     
  0.39058794510148476     
  0.39006508094189951     
  0.39258235182304868     
  0.39425633674602883     
  0.39475621379560882     
  0.39566497345910528     
  0.39151700303033926     
  0.39227918321818039     
  0.39655920593529603     
  0.39135408384322795     
  0.39308326351449752     
  0.41330383307860041     
  0.40386592912673175     
  0.39789642328546648     
  0.39279072470210252     
  0.39286732247436185     
  0.39280603445074425     
  0.39474018749975848     
  0.39453927973992525     
  0.38917585297690793     
  0.39213636741259911     
  0.39045858451465271     
  0.39180623762962852     
  0.39303070859092010     
  0.39260704063357538     
  0.39116887110142534     
  0.39106334871509818     
  0.38956059089482592     
  0.38816499496206824     
  0.39096055482687780     
  0.39116062060697332     
  0.39025668667846475     
  0.38873249756883993     
  0.39127357842365845     
  0.39079720844535942     
  0.39634824578725736     
  0.39980790107977238     
  0.39629076886394649     
  0.39412034382120603     
  0.39036189535214783     
  0.39087085265388566     
  0.39458154219586156     
  0.39265226096027234     
  0.38601222303740085     
  0.39120148213493416     
  0.39242758396409017     
  0.39739704166571133     
  0.39151162785509186     
  0.39038793232799440     
  0.38740346983137108     
  0.38936641697704361     
  0.39493319459848941     
  0.39471851558329979     
  0.39209661967740767     
  0.39162099745217416     
  0.39235590633543427     
  0.40003278257471619     
  0.39663592756832350     
  0.39755922721352172     
  0.39675681336104363     
  0.39775449564834786     
  0.39455901968325802     
  0.39306813593397599     
  0.39567908710485483     
  0.51163950751296949     
  0.46721491093169848     
  0.43587086329030983     
  0.42397766485859345     
  0.40627989926396241     
  0.40070971093826185     
  0.39528218415788285     
  0.39288628718868124     
  0.39118915716519043     
  0.39283377764057470     
  0.39077148135586853     
  0.39275685087179796     
  0.39047473502382773     
  0.47377768811535076     
  0.43817891371355666     
  0.42813237705062684     
  0.41212792626191613     
  0.40479756543457607     
  0.40233157641121492     
  0.40197432192771027     
  0.40157888885436627     
  0.40205675556128057     
  0.39973133498390984     
  0.39485335490272683     
  0.39466803953078028     
  0.39314381200649234     
  0.39526733140749398     
  0.39440170951066605     
  0.39290460333734489     
  0.39354394589161212     
  0.39455503677780179     
  0.39426722096371797     
  0.39747872507758486     
  0.39480716313889369     
  0.39237096736428412     
  0.39373634282524717     
  0.39242361543182619     
  0.39032960202464229     
  0.39014701590759004     
  0.39319160977959228     
  0.39399482291991716     
  0.39946310239032129     
  0.39485449184543792     
  0.39512825395473322     
  0.39843221199658430     
  0.39421111447751173     
  0.39086077230140992     
  0.38944039040589723     
  0.39043964630108069     
  0.39509908793647086     
  0.39698093515265609     
  0.39312821967702627     
  0.39027169574073911     
  0.38961191957152330     
  0.38764568930505661     
  0.38659458594453466     
  0.38633398576921602     
  0.38862381738133112     
  0.38667934247339814     
  0.39045883598728620     
  0.38823603167192461     
  0.39082301660299090     
  0.39191308219591731     
  0.39152042565788847     
  0.39077636573091828     
  0.39425368613975970     
  0.39466855426771702     
  0.39539928155743753     
  0.39425719836462370     
  0.39761694878234116     
  0.39862946955569084     
  0.39001543836341335     
  0.39081253444968078     
  0.39038197983205181     
  0.38855267404005289     
  0.38842377731199951     
  0.38448740642509044     
  0.38779767141988175     
  0.38211166817562320     
  0.38667670587350522     
  0.38708881680740925     
  0.39226865607582939     
  0.38867242964845289     
  0.39007606255760097     
  0.39489640920744973     
  0.39711399358399463     
  0.39323019111917773     
  0.38846412088406523     
  0.39007961488061438     
  0.38894876111706117     
  0.39153696804861843     
  0.39228413857075961     
  0.39223157413791349     
  0.39053277767122546     
  0.38915335120781924     
  0.39309798346904856     
  0.39053104319863124     
  0.38940628412650397     
  0.39162903800198562     
  0.39204171918279207     
  0.39014169935881937     
  0.38933981499404119     
  0.38916019046876138     
   2.2459690847337632     
   1.4837180578450255     
   1.0465131055764072     
  0.77941977561335618     
  0.61909295462723479     
  0.53006438485249996     
  0.48544381228520600     
  0.44140170879032098     
  0.42125764419099637     
  0.41254720732829497     
  0.40368760579763058     
  0.39353895080061529     
  0.39275772144058829     
  0.39236585306528027     
  0.39494766104870338     
  0.38987563564056726     
  0.38927696543772938     
  0.39266902438812901     
  0.39693654675097301     
  0.39654367039235822     
  0.39392261419208713     
  0.39246983701602445     
  0.39047985025538806     
  0.39454768225274178     
  0.43429961696152214     
  0.41196957222171160     
  0.40812082413740991     
  0.40210148299023724     
  0.53599714515099250     
  0.46636267582133911     
  0.43514254824418619     
  0.41730771917905474     
  0.40455992037147936     
  0.39998967863490958     
  0.39660496569376152     
  0.39775297562216677     
  0.39648909948024219     
  0.39648039230883442     
  0.38818766016800166     
  0.39520316953912277     
  0.39246308433021215     
  0.39340724000547739     
  0.39285964794418632     
  0.39612645070019320     
  0.39403220990016052     
  0.39099215054967473     
  0.39788939144724106     
  0.39776156664330498     
  0.44581376703312509     
  0.42674804033676739     
  0.43393419426046642     
  0.42026845055828249     
  0.40830939145945527     
  0.40224081030460573     
  0.40520096870337396     
   1.2204054193780243     
  0.90527096521095984     
  0.70324715637876523     
  0.58293369446714460     
  0.50425632683480059     
  0.45554455864791443     
  0.42603176741305676     
  0.41065180300993243     
  0.47219145511316862     
  0.43755539247636532     
  0.42145537024432228     
  0.40534454225488509     
  0.39983623529733719     
  0.57912700676530005     
  0.50661236741879012     
  0.45499947739106444     
  0.42702913741670406     
  0.41703340151564161     
  0.40289326748848714     
  0.39512977262683419     
  0.39564849993211382     
  0.40077109466485261     
  0.38939353193341725     
  0.38737785478125475     
  0.39145083005884163     
  0.39040485587121770     
  0.39020868893864369     
  0.39318742497462617     
  0.39210308523914783     
  0.39437486807788119     
  0.39363778117829940     
  0.39481851674535379     
  0.39816528351422376     
  0.39461531162803193     
  0.39481921457809327     
  0.39620292566125054     
  0.39317074304771665     
  0.39237163801269881     
  0.48222673191953147     
  0.44096974983965098     
  0.41706294474774841     
  0.40513450500016562     
  0.39675627245214040     
  0.39248854577713260     
  0.38959198284088237     
  0.38828110590684844     
  0.39176701097916561     
  0.39236026917646316     
  0.39248699145893157     
  0.39120397520589195     
  0.39233196851772001     
  0.39189506588445350     
  0.39538316569986343     
  0.39176183760924821     
  0.38779773473554341     
  0.38915638548454445     
  0.39214073141662381     
  0.39365394099096734     
  0.38941737736791848     
  0.38980049332337591     
  0.39259666818799860     
  0.39709013097262136     
  0.39420820636579662     
  0.39709224369279439     
  0.39564695876911982     
  0.44600457409375210     
  0.42079016059256952     
  0.40767323781047060     
  0.40112123817111284     
  0.40176713365077044     
  0.39459131222966803     
  0.39474519603551500     
  0.39436170500481288     
  0.39157236695017583     
  0.39148455875851496     
  0.38826070630266729     
  0.39057861724171544     
  0.39417152329841698     
  0.39224835912233635     
  0.38811261578432754     
  0.39103222853184988     
  0.38775245450815066     
  0.39037805658441127     
  0.39025257042072331     
  0.38828669614230399     
  0.44304449460465223     
  0.42044229108889736     
  0.40558210645617881     
  0.39608555536898704     
  0.39788492276950593     
  0.39336803498933121     
  0.39655911482507977     
  0.39786821916910253     
  0.40577307853913408     
  0.40357167014863882     
  0.39929907147777499     
  0.40234596762675939     
  0.39627447352796724     
  0.39600584852034842     
  0.39094531152331091     
  0.38887245824481509     
  0.38856611635358651     
  0.38675591693199912     
  0.38403840332202932     
  0.40994594550203800     
  0.40109232376591158     
  0.39689588236156575     
  0.39023524106175622     
  0.38902703553514684     
  0.38865706809048012     
  0.38799789161164661     
  0.38936549776862578     
  0.39324704585826908     
  0.38996725031105473     
  0.39343196651224488     
  0.39270522055889290     
  0.38904757761967651     
  0.38609389537748229     
  0.38899069791835800     
  0.39130315138223465     
  0.39454142389808844     
  0.39039555319901098     
  0.38792295590048215     
  0.38804709731703246     
  0.38701061760838285     
  0.38656323811809679     
  0.38983279488466011     
  0.42913693828634619     
  0.41111894320960862     
  0.40219274318187037     
  0.39926584672200194     
  0.39313174860127875     
  0.39367153980699959     
  0.39329843617900118     
  0.39293582628466800     
  0.38956421544822206     
  0.38900947193608942     
  0.38363934551795403     
  0.38757992346423797     
  0.39288181726537225     
  0.39291229740536665     
  0.39148813069409472     
  0.39159335091127401     
  0.39309982287507816     
  0.39235191660719920     
  0.39381349107966540     
  0.39821330454714632     
  0.39622536559509108     
  0.39823120179043153     
  0.39533294920071732     
  0.39216448927131692     
  0.39190790539170328     
  0.39108640821158558     
  0.39128706374098832     
  0.39377382377961839     
  0.39744713095769418     
  0.39024015420704522     
  0.39190777769359164     
  0.39038392722116133     
  0.39239670069592980     
  0.39227231976402893     
  0.39444033219242164     
  0.39046227679076295     
  0.39169362570634575     
  0.39697649053995554     
  0.39446200750007948     
  0.38806911340448791     
  0.38674641142729316     
  0.39054955633100519     
  0.39471838309615792     
  0.39492228898096771     
  0.39265219940038476     
  0.39277303489736615     
  0.39297943267436736     
  0.39061234722969956     
  0.38696298044200822     
  0.38724767230756774     
  0.39113971653959012     
  0.39061772108309145     
  0.38996242444709034     
  0.39271603969442287     
  0.39519382639153039     
  0.52357259871068462     
  0.46893017738083609     
  0.43545236589885988     
  0.41740434481678690     
  0.40511907789758111     
  0.39871588791400792     
  0.39666610778304062     
  0.39422009769755784     
  0.61763558628869064     
  0.51858969002149413     
  0.46585954679666736     
  0.43258026588183940     
  0.40927799316504099     
  0.40022345252397540     
  0.39829057654590466     
  0.39806339288275727     
  0.39493178525602801     
  0.39645610135896420     
  0.39116598042284778     
  0.39441896964983558     
  0.39465618210077624     
  0.39419635892138821     
  0.39337006256556789     
  0.39509149147561218     
  0.39339468227403901     
  0.38941191541245879     
  0.39891102449272031     
  0.39690968772327573     
  0.39536899543311949     
  0.39058499564947213     
  0.38763791900731576     
  0.39009602993730746     
  0.39086785762991771     
  0.39288382137263184     
  0.39194570940212514     
  0.39192556729661648     
  0.39155469703018497     
  0.39100623021804604     
  0.39548114838975579     
  0.39323254362658744     
  0.39131675503511154     
  0.39581768271434498     
  0.39571449804607028     
  0.39186905208409262     
  0.39138725671707492     
  0.39604880016220556     
  0.39397542158036131     
  0.39615855309090919     
  0.39123481863334958     
  0.39528126889464810     
  0.39621947336714891     
  0.39441691006448498     
  0.39442897276790967     
  0.39646337696236827     
  0.39663702323002303     
  0.39274679608365348     
  0.38919376845151032     
  0.38735808667371285     
  0.38796397312684461     
   23.824483515022031     
   14.897767613524518     
   9.1460171322745936     
   5.7529798814242801     
   3.6817455329726569     
   2.3874473530217166     
   1.5810546115486273     
   1.1096028813333936     
  0.81738842169912329     
  0.63379418176528146     
  0.53256879203083440     
  0.47667941977379130     
  0.44355902602097386     
  0.42595937058002531     
  0.40913886642924269     
  0.40226061354741577     
  0.39942163721001722     
  0.39346399082812616     
  0.39225852145047824     
  0.38927518030327896     
  0.38723570658354367     
  0.38637553298598348     
  0.39068722984550919     
  0.39124834020577309     
  0.39263278824079628     
  0.39237364801769847     
  0.39722245902799908     
  0.40093761962979491     
  0.39391119533240393     
  0.39313532089734410     
  0.39295155161598194     
  0.39186036327606466     
  0.39322018820628074     
  0.39193928841409537     
  0.39472708486490932     
  0.39669008253169580     
  0.39572556353115884     
  0.41226542971799335     
  0.40700916753971633     
  0.39879494097749657     
  0.39570648706718997     
  0.40167830326823817     
  0.40062244950415915     
  0.40531413207767836     
  0.40857132000611801     
  0.40222996027844415     
  0.39875151963048927     
  0.39648745043643485     
  0.39414418655474870     
  0.39141868171326677     
  0.39251939309966166     
  0.38999084426241226     
  0.38962222632649862     
  0.38616275592029281     
  0.38771652147659713     
  0.38751025792096250     
  0.39034174623042422     
  0.39306447305100128     
  0.39726484767008857     
  0.39561622497939547     
  0.39606351025978820     
  0.39182458692269889     
  0.39104459845174611     
  0.39009553264321783     
  0.39165573913699064     
  0.39487162195578968     
  0.39525783297894057     
  0.39111892851189800     
  0.39238632586055855     
  0.39307631473139532     
  0.39447880219429338     
  0.41600132429579290     
  0.39832045304024433     
  0.39340823546796527     
  0.38865748413468382     
  0.39060056075067801     
  0.39470685547696982     
  0.39190358333337211     
  0.44863880312042942     
  0.42657120275250876     
  0.41247342864529679     
  0.40359325542852731     
  0.39553209327735123     
  0.39411662579412665     
  0.39541255988735585     
  0.39365443105173786     
  0.39163682224834173     
  0.46573902844073367     
  0.43791106077520886     
  0.41263053205795619     
  0.40410849570897589     
  0.40152750657291153     
  0.39509204775885892     
  0.39704246401995713     
  0.39464130840978756     
  0.39122615941677230     
  0.39041860195143713     
  0.39120680531205987     
  0.40084248959019253     
  0.39568011292204391     
  0.40564697392838062     
  0.40069984404908077     
  0.39369275249987079     
  0.39502054988454938     
  0.39669541281508969     
  0.39348140402915649     
  0.38990660034683416     
  0.39091163714428367     
  0.39145585067138688     
  0.39446466074888770     
  0.39682610621989972     
  0.40216372328633426     
  0.40112010353428462     
  0.39482318802850164     
  0.39174640601037486     
  0.40054651513625023     
  0.39505365535700976     
  0.39428537332423630     
  0.39411434589839089     
  0.39133794724633625     
  0.39545839897027713     
  0.39340464837646777     
  0.39040114220718031     
  0.38960212471778943     
  0.38963613163804728     
  0.38845825208216184     
  0.39944282479924886     
  0.39315234094715185     
  0.39538334717244178     
  0.40573626366643345     
  0.40125967723089878     
  0.39747913996378642     
  0.39769618122870731     
  0.41344968561754086     
  0.55297285562583365     
  0.48851300608939063     
  0.44457255756764269     
  0.42265981757080207     
  0.40632739192369527     
  0.40224308108459972     
  0.39785594648540440     
  0.39311225703697533     
  0.39075445638005701     
  0.39164577372405468     
  0.39485250679867967     
  0.39313329470850916     
  0.39162871412091460     
  0.39194538169032334     
  0.39187478348006194     
  0.39467609495142780     
  0.39323242493560628     
  0.39129836268831136     
  0.39034197440869112     
  0.39053571532992210     
  0.39351364174463838     
  0.38907522049116794     
  0.40168268732599577     
  0.39686412340322880     
  0.40836696837051512     
  0.40076538768977821     
  0.39353477519049690     
  0.39461691090387113     
  0.40154261897428689     
  0.40187759777370885     
  0.39996335877718869     
  0.39196751713183614     
  0.39218957582445624     
  0.38902469312406351     
  0.38880008491135681     
  0.39079179316830986     
  0.38792404942074166     
  0.38775868413547093     
  0.38849208914840311     
  0.38391093391373493     
  0.38847257929374507     
  0.38880672855133563     
  0.38918610214948868     
  0.38998805751688331     
  0.39044674904152310     
  0.39188556321020224     
  0.39458184138286173     
  0.39420773999369724     
  0.39070026948830738     
  0.39060043438284198     
  0.39978223591316597     
  0.40351402347428378     
  0.40004227465381736     
  0.39256907383805822     
  0.39040143721619225     
  0.39105618922479435     
  0.39059314260920525     
  0.39002855991679863     
  0.38888116607728390     
  0.39067292783931024     
  0.39215573539719267     
  0.39311411557023684     
  0.39058241328332366     
  0.39472459588850611     
  0.39306487241435362     
  0.39356159338322177     
  0.39119502509950588     
  0.38748765637380922     
  0.38553368845424818     
  0.38892698664213804     
  0.39075705281781176     
  0.39018898351974374     
  0.39417030891235505     
  0.39463737608538324     
  0.39195483298864675     
  0.38540396607118432     
  0.38696923446584691     
  0.38731772162946021     
  0.39463960485192834     
  0.39865202726509585     
  0.39247093353574658     
  0.39114752910929973     
  0.38785020729371600     
  0.39391230683744405     
  0.39404898528834048     
  0.39432172999328124     
  0.39199584955236050     
  0.39440343120689109     
  0.39165377762210485     
  0.40946338157017892     
  0.40408930860335573     
  0.39874060680496187     
  0.40177561797888500     
  0.40076837015452804     
  0.40316614801925399     
  0.39748272665118700     
  0.39606095767161870     
  0.39242435423141542     
  0.39406031684376147     
  0.39009451699454134     
  0.39444352961064089     
  0.39739152264734190     
  0.39941022053683595     
  0.39406201947520558     
  0.40377924434944079     
  0.40132874726614853     
  0.39556123263610715     
  0.38919917664632919     
  0.38744177295125359     
  0.38891442130046938     
  0.39118513658009080     
  0.39360711609106558     
  0.38795077818804252     
  0.39030792539950016     
  0.39589455090389580     
  0.39533203770516329     
  0.39434483222686495     
  0.39799041248712164     
  0.40057210588647435     
  0.40247464130716282     
  0.39748535709942773     
  0.40195706461520664     
  0.39716639424256700     
  0.39701635579585692     
  0.39172711830897583     
  0.39381961840690921     
  0.39501382835672394     
  0.40001608958908941     
  0.39891351498334776     
  0.40240312681122070     
  0.39792157759319380     
  0.39814397372606158     
  0.39625970415682887     
  0.39242668832908706     
  0.39548193100519624     
  0.39678293653943142     
  0.39378504913512485     
  0.39519930922522506     
  0.40028220968422734     
  0.39478967021353989     
  0.39612274410180043     
  0.39444389443815614     
  0.39446911713114780     
  0.39925931405716342     
  0.39737855589480597     
  0.39626784727018477     
   2.6583042083800126     
   1.7678109319340884     
   1.2113273921716019     
  0.89429605973105775     
  0.69375743029293158     
  0.58011318826823677     
  0.50251238590535829     
  0.45344005833004936     
  0.42426434858543272     
  0.41386121858664437     
  0.40588387503430018     
  0.40238062872834995     
  0.39925303134327328     
  0.39371027509085194     
  0.39270780233975339     
  0.39036379608891175     
  0.38761178784467520     
  0.39500966879233429     
  0.39570780276082018     
  0.39517667203511669     
  0.39344750386212757     
  0.39747988289407671     
  0.39608166317180760     
  0.39424315413967315     
  0.39412750964916859     
  0.39093770357384694     
  0.39091755849698601     
  0.38959782023315442     
  0.39309858476290904     
  0.39415018875601054     
  0.39048483412561497     
  0.39978859574774861     
  0.40000277988654320     
  0.39931426141365045     
  0.39346656405742941     
  0.38850608002666986     
  0.39354832479265078     
  0.39141538166278800     
  0.39521585652055080     
  0.39634610318166608     
  0.39379551632857551     
  0.39429088238849425     
  0.39934292953667694     
  0.39727290410396049     
  0.39625220550156165     
  0.39693716878294488     
  0.39658357149646972     
  0.39395243800182411     
  0.39438910601545069     
  0.39456013619025226     
  0.39478396756979878     
  0.56629268243867392     
  0.49402837194085514     
  0.44948220372295467     
  0.42998355034273950     
  0.40903052707344917     
  0.40451973167223804     
  0.40259955657325869     
  0.40093873286464493     
  0.39729804635577481     
  0.39140669788410720     
  0.38803139354796173     
  0.38941850607545897     
  0.39485998021903657     
  0.39721726441083555     
  0.41854297748671487     
  0.40714581995178484     
  0.39583360766097181     
  0.39264321815579045     
  0.39462103915129426     
  0.39611902763125101     
  0.39868537201739024     
  0.39352854725234643     
  0.38681307201766890     
  0.38798871103222465     
  0.38966721610950317     
  0.38826272041754778     
  0.39215316056462390     
  0.39628978529271125     
  0.39382585123404945     
  0.39560462842746708     
  0.39394837272567662     
  0.39240635793853229     
  0.39234377218993205     
   5.0591738592503059     
   3.2240016772260827     
   2.1255854783964341     
   1.4466701656767011     
   1.0124035791850581     
  0.78945476544599291     
  0.64317727269553004     
  0.54329123321546258     
  0.47946537991396782     
  0.44029322008663080     
  0.41902520825418405     
  0.40911278798766398     
  0.40318803851943635     
  0.39864838024167454     
  0.39832060386242368     
  0.39808161832253797     
  0.39539290219968726     
  0.38919974961904830     
  0.39374776992132454     
  0.39513731952674147     
  0.39414545494577802     
  0.39246655603212482     
  0.39211140099500874     
  0.39026848882621579     
  0.38818592910307914     
  0.38781965371558708     
  0.39051579480849147     
  0.38776737972113379     
  0.39086007336832423     
  0.39526821964315689     
  0.39393964119033287     
  0.39664593567555306     
  0.39313220493038747     
  0.39234816903683978     
  0.39080359526522712     
  0.38815406485592296     
  0.38907673287982031     
  0.39011886003565627     
  0.39294696587104255     
  0.39472870976389701     
  0.39349560865181865     
  0.38944357782347672     
  0.38820459451143591     
  0.39138650497222743     
  0.39838469839014451     
  0.39842596436988842     
  0.39554663141600410     
  0.39235786204046458     
  0.38959307454300623     
  0.38875965284639852     
  0.38982208316235423     
  0.39598848891405503     
  0.39281391773375668     
  0.39269246643736400     
  0.39283833347553637     
  0.38947638096951076     
  0.39023063446777578     
  0.40156293870844900     
  0.39826199206542673     
  0.39861793538273604     
  0.39207786414034856     
  0.38775943437297627     
  0.39097735401186412     
  0.39101689372685677     
  0.39069829121992272     
  0.39057428689116547     
  0.38866413104195519     
  0.39113718968144495     
  0.39200556255988284     
  0.39137218019843067     
  0.39281095486195894     
  0.42399987959714869     
  0.41039178051644565     
  0.40206253189391233     
  0.39918748353285233     
  0.39265577364661586     
  0.39239105373266464     
  0.39581797905224286     
  0.39397057947560687     
  0.39144361834406943     
  0.39266767736916386     
  0.39351886540631520     
  0.39163993585884610     
  0.39093369633021574     
  0.39087401670206545     
  0.39082079027263056     
  0.38994580658665656     
  0.38955760084097057     
  0.38907222780292999     
  0.39236526792940041     
  0.38884279371689162     
  0.38598474763071439     
  0.38845474306177652     
  0.38905236089217460     
  0.39256337182258305     
  0.39444919043744242     
  0.38850152362169299     
  0.38968889874866947     
  0.39189834343802971     
  0.39177214409501387     
  0.39407771644433864     
  0.39341685061708276     
  0.39228918757737397     
  0.39040227852295828     
  0.39346357768420603     
  0.39417917110627565     
  0.39507383814230423     
  0.39533787806729864     
  0.39402687873867753     
  0.39565094920922889     
  0.40199592789193955     
  0.40123150142846842     
  0.39931817755602994     
  0.39630813823780386     
  0.39400184929620929     
  0.39242496264732579     
  0.39083646239949088     
  0.39291023352125570     
  0.39069571206135317     
  0.39217023079261837     
  0.40030410872450739     
  0.39584880486530877     
  0.39537619855299566     
  0.39915509786169223     
  0.39861230853113860     
  0.40006954655594745     
  0.39495476398064960     
  0.39611200657425244     
  0.39472163758408607     
  0.39342640880020374     
  0.39127327129045708     
  0.39156604428242836     
  0.38970237224374749     
  0.38899330486067285     
  0.39362488290454811     
  0.39265456656881215     
  0.40021035729769588     
  0.39683866151369812     
  0.44780442986003627     
  0.42134053716345854     
  0.41581665424838560     
  0.40620955004484272     
  0.40601529492230332     
  0.40282488453603493     
  0.39673659511909654     
  0.39081359269751631     
  0.39340921343736673     
  0.39596369530706610     
  0.39011880051868447     
  0.38712033001030738     
  0.39149555274502212     
  0.38896942455988887     
  0.38560978989023631     
  0.38634479878896039     
  0.38846103449631764     
  0.39019733143679664     
  0.39818051639014379     
  0.39802855565770301     
  0.39591783558059890     
  0.39254979361059433     
  0.39364794330354286     
  0.39368980350763200     
  0.39253970952464345     
  0.38925951989206481     
  0.38874246907841375     
  0.39103234254318886     
  0.39217638110973108     
  0.39300455071233287     
  0.39248745054149414     
  0.39483141688285150     
  0.46447450957592396     
  0.43516288818319654     
  0.41413084906910180     
  0.40307864581648156     
  0.40076002951348394     
  0.39796644005612891     
  0.39305570901982462     
  0.39181248080432807     
  0.39478946249994251     
  0.38999500965352085     
  0.39129233375181377     
  0.39178079213750150     
  0.39157110084542118     
  0.39107819541468491     
  0.38993781830950680     
  0.39396199000272136     
  0.39466176713529111     
  0.39106789487561122     
  0.38932881392934710     
  0.40544585460027066     
  0.39807186217914359     
  0.39776715429628717     
  0.39766130112814352     
  0.39066708666738315     
  0.39025615396207480     
  0.39053818854924932     
  0.39042016539795649     
  0.39285545779447983     
  0.39213242645805058     
  0.39510055650551174     
  0.39261608343746573     
  0.39202518614885262     
  0.39897323179126770     
  0.39596495589554231     
  0.39745344946402944     
  0.39726406863927444     
  0.39477815142296685     
  0.39364489323983265     
  0.39018720651669642     
  0.38939933615009165     
  0.38995352716287690     
  0.38892866854534924     
  0.38950333433839512     
  0.39221018776834227     
  0.38981416416063197     
  0.39159746099475107     
  0.41195200259972942     
  0.40637441044520167     
  0.40050805960565072     
  0.40058341479354148     
  0.39673205578589693     
  0.39495105874489539     
  0.40409221014569091     
  0.40161549559074977     
  0.39556066832386572     
  0.39315403302577218     
  0.40250207460412107     
  0.39583012201641682     
  0.39282615693311485     
  0.39947219100350728     
  0.39574624869704350     
  0.39991524165406067     
  0.39474560085440868     
  0.38779463608190889     
  0.50578293908261929     
  0.45920604174214508     
  0.42920428678258593     
  0.41499759914357531     
  0.40433920062229395     
  0.39767127515739309     
  0.39782744043929003     
  0.39852372010166098     
  0.39551712921758492     
  0.39654124211357739     
  0.39021818241691136     
  0.38704261191591127     
  0.38830785347748964     
  0.38835470352361129     
  0.38664989647193904     
  0.39048299393471558     
  0.39340758212939753     
  0.39552959213254085     
  0.39292959961790125     
  0.39460490736753862     
  0.39408203746033627     
  0.39435865743682447     
  0.39045543680558525     
  0.38918517466153474     
  0.41209655735783413     
  0.40066890770453178     
  0.40899768286097382     
  0.40304251364467819     
  0.39774109408112662     
  0.39505862354717164     
  0.39375166363402458     
  0.39271093049372063     
  0.39193794591217618     
  0.39042617300156474     
  0.38941435041357841     
  0.39351470660375926     
