  0.28986866067308947     
  0.29249965192832400     
  0.29112168745590777     
  0.29148985659405846     
  0.28868588836163600     
  0.29326667536229112     
  0.29415660883105726     
  0.29259522339898653     
  0.29570305462695101     
  0.29794624689155702     
  0.29230809522325596     
  0.29525280669863946     
  0.29391967388741896     
  0.29303460656964286     
  0.29298192735606249     
  0.29569942563398133     
  0.29457430017748965     
  0.29831641655199126     
  0.29774138913042253     
  0.30035134861605856     
  0.29630985569674889     
  0.29268735687272396     
  0.29227951922753859     
  0.28979814944318449     
  0.29003369740389373     
  0.29200955120402822     
  0.29105186505221442     
  0.29305284112157909     
  0.29244471109819714     
  0.29450975929593670     
  0.28969158728021305     
  0.29528830523159522     
  0.29289919402999570     
  0.29025837297725871     
  0.28867719845053047     
  0.29251465508205177     
  0.29413963739180543     
  0.29032125436135925     
  0.29507343215674686     
  0.29399639482101830     
  0.28826240447986629     
  0.29003919325797467     
  0.28766406866696898     
  0.28618140657257757     
  0.28793503891239863     
  0.28747116492428942     
  0.28643159858392503     
  0.29148712296364959     
  0.29159007999384895     
  0.28940894734157147     
  0.28943837188147858     
  0.28964875754775926     
  0.29251343365205051     
  0.29808613740966300     
  0.29617063135207167     
  0.29359053826652060     
  0.29253035596609950     
  0.29254025259396566     
  0.29282963638240211     
  0.28543580553757986     
  0.28638926594580932     
  0.28273395177935223     
  0.29002078537518627     
  0.29223164607541646     
  0.29400570067487253     
  0.29667777126852679     
  0.29563584101049367     
  0.29613627903357648     
  0.29353226367487317     
  0.29123308487324151     
  0.29626025823830943     
  0.28788724522158143     
  0.28926269464378984     
  0.29373950428122980     
  0.29014526629116788     
  0.29083660495449104     
  0.29429837575716433     
  0.29084503558789010     
  0.28996601055762689     
  0.29132878690511449     
  0.29255826155654441     
  0.29279366786734951     
  0.29328270033010034     
  0.29381419857794883     
  0.29446079401429431     
  0.29469797684944138     
  0.29486723371460771     
  0.28647883726200563     
  0.28976017631994500     
  0.29014943182952141     
  0.28664023970430513     
  0.28919750641187492     
  0.28908543417066279     
  0.29051296221188688     
  0.28955018762654494     
  0.29019207485663068     
  0.29315391636786464     
  0.29137449060352849     
  0.29356196395560913     
  0.29341384234233847     
  0.29591872386984758     
  0.29504154553072420     
  0.29700388896558783     
  0.28904916964964189     
  0.29071039064839727     
  0.29266934861415295     
  0.29167736036838054     
  0.28847877553537027     
  0.29498418685426953     
  0.29411795689277020     
  0.29073493708152398     
  0.29536287960523611     
  0.29759115051041868     
  0.28929395643016936     
  0.28858803843718600     
  0.28747314738128688     
  0.28968084145285472     
  0.29160220990965213     
  0.29150028881112411     
  0.29711228236670423     
  0.29313898476495415     
  0.28972186102723441     
  0.28997337822042063     
  0.29243987655606857     
  0.29348080528073539     
  0.29616076683993187     
  0.29158450020699439     
  0.29114060354198157     
  0.28733235983950495     
  0.29040733665933316     
  0.28572851981084824     
  0.28493113824047134     
  0.28970481282656613     
  0.29446548247141258     
  0.29411915229588942     
  0.29231387993136837     
  0.29565160545894992     
  0.29106597559818581     
  0.28889456500039296     
  0.28988572985487315     
  0.28874436218470917     
  0.28737699149530782     
  0.28815866176625193     
  0.28900301176912868     
  0.29425831287061510     
  0.29240274121285004     
  0.28779943811966485     
  0.29038034121259876     
  0.28708444874671846     
  0.29437748570905453     
  0.29449943572771586     
  0.29502156938143853     
  0.30092743438985714     
  0.29854447885545321     
  0.29346313636964882     
  0.28990165009410929     
  0.29092837917453795     
  0.29080195702668865     
  0.28968309750274812     
  0.29230925571938859     
  0.29331304342390851     
  0.29223866577585655     
  0.29307308350724681     
  0.29378543725984474     
  0.29291372196369420     
  0.29002031759251462     
  0.29104893990745734     
  0.28881806840695773     
  0.28823667623003885     
  0.28596139518353242     
  0.29309095012976166     
  0.29412807437073929     
  0.29309919315610622     
  0.29268740245906810     
  0.29336069691186550     
  0.29099039241985480     
  0.28889247571450410     
  0.29342002304461534     
  0.28770035122999160     
  0.29037275462813683     
  0.29267232702133750     
  0.29412820749043095     
  0.29815639413510220     
  0.29665532416833623     
  0.29111433529424613     
  0.29006400991964615     
  0.29323725030973241     
  0.28971698367429455     
  0.29282738838141964     
  0.29057573048216512     
  0.29294945384689336     
  0.28890363297326521     
  0.28658991592386618     
  0.29253103288005772     
  0.29090177759238911     
  0.29402237111317120     
  0.29217070353067842     
  0.29296401885322521     
  0.29405587639991948     
  0.29528842549762052     
  0.29360717063602126     
  0.29785562653078851     
  0.29466826018914494     
  0.29417199618890499     
  0.29371967499368651     
  0.29439553565386384     
  0.29387401095101578     
  0.29311163770631604     
  0.29405352648576427     
  0.29255509162094329     
  0.29330745716209639     
  0.29444902378943505     
  0.29199726825251249     
  0.28882388765515454     
  0.28562064382654595     
  0.28748317457995270     
  0.29106295554210454     
  0.29610397044011111     
  0.29366888700363136     
  0.29069683064668006     
  0.28713115948826512     
  0.29309859734961530     
  0.29850702204728252     
  0.29411494506241842     
  0.29535938550974467     
  0.29264207633782791     
  0.29699534206643358     
  0.30456188654984834     
  0.29779872208366226     
  0.30058960257460005     
  0.29725232544065855     
  0.29444379984385138     
  0.29425988170176487     
  0.29913052933132922     
  0.29712994306009544     
  0.29565793299690812     
  0.29622780539710869     
  0.29703270682194682     
  0.29346604998896125     
  0.29419898898607605     
  0.29252013952180095     
  0.29012869752529241     
  0.28990667810333887     
  0.28574473795677319     
  0.28507873836322178     
  0.28825437065541082     
  0.28869236436909768     
  0.29328003400376029     
  0.29332331529417799     
  0.29855728504557633     
  0.29524386831072169     
  0.29292249486570054     
  0.29072833070482007     
  0.29034978204676437     
  0.29006817098623722     
  0.28988845486249487     
  0.29174952243969776     
  0.29312747729492988     
  0.29286780527622286     
  0.29281915745037673     
  0.28893774142755169     
  0.28417374224887298     
  0.29029693638575471     
  0.28697462135970886     
  0.28383798425318607     
  0.28577129807085855     
  0.28469934348529752     
  0.28996296728790005     
  0.29564611648887351     
  0.29434925448353721     
  0.29226610306489614     
  0.29377646471676633     
  0.29341347942391338     
  0.29307676434605801     
  0.29548373584474047     
  0.29887191063111762     
  0.29626156552116867     
  0.29678187701487646     
  0.29260384345571655     
  0.28986641824517179     
  0.28940755559168729     
  0.29579715021679553     
  0.29309279484145412     
  0.29122137040433826     
  0.28966703523623616     
  0.28935348802495980     
  0.29169984595617898     
  0.29364531255557913     
  0.29280369413456675     
  0.29091529977366815     
  0.28892160437323278     
  0.29137289624769380     
  0.29396759005654133     
  0.29732893780556752     
  0.29548336906902223     
  0.28923168326619308     
  0.28703624892079044     
  0.28795279283605146     
  0.28527920392003314     
  0.28773903704541376     
  0.29008244110295289     
  0.28452616948857917     
  0.29488727468944703     
  0.28789594450778200     
  0.28762430099707942     
  0.28894149156393661     
  0.29396022867706456     
  0.29715909324207535     
  0.29527716018873884     
  0.29546352034332601     
  0.29140932853889789     
  0.29365597092092410     
  0.28775467839908336     
  0.29248761824197261     
  0.29261429399761024     
  0.29297024685842549     
  0.29143248561615287     
  0.28705971080333659     
  0.28978149259612695     
  0.29135890902643163     
  0.29439590580337788     
  0.29369463537214469     
  0.29842743771752400     
  0.29559593847922433     
  0.29554658390008048     
  0.29409818940522475     
  0.29621018691706796     
  0.29871651652456860     
  0.29323266109234747     
  0.29542933746683131     
  0.29485522294379807     
  0.29118699102584289     
  0.29521338857347723     
  0.29115886905252869     
  0.28917142354595238     
  0.29074626704037576     
  0.28852002614308303     
  0.29183734123928917     
  0.29091260608374497     
  0.28912277793871782     
  0.29330332487158162     
  0.29196250597282847     
  0.29665624936465823     
  0.29016308672643853     
  0.29485444433551616     
  0.29304076185528327     
  0.29144303518813058     
  0.28955320788647165     
  0.29133906950882799     
  0.28928291357062258     
  0.29259502801057008     
  0.29710646384341005     
  0.29400904278079365     
  0.30218924657696933     
  0.29573307568660256     
  0.29546784779024399     
  0.29793822422469601     
  0.29523873786100385     
  0.29369864149743935     
  0.29401752179514745     
  0.29216138146227832     
  0.29434199346268763     
  0.29275185835497697     
  0.29100663010089994     
  0.29079372088615446     
  0.29299340837814219     
  0.29241802774309000     
  0.29488094818941385     
  0.29560642078585370     
  0.29608903670968995     
  0.29865462662265158     
  0.29729159797191962     
  0.29632515203349286     
  0.29184115829287172     
  0.29531432382443001     
  0.29997422840201599     
  0.29705465257038843     
  0.29847442033056237     
  0.29831735387740610     
  0.29106371290878719     
  0.29694367426539564     
  0.29415648605020145     
  0.29452696528784722     
  0.29361951566050376     
  0.29386244183618354     
  0.29327477624331283     
  0.28848434365488790     
  0.28765574623020940     
  0.29055408884849787     
  0.29530992750517171     
  0.29430293216606729     
  0.29566389532500759     
  0.29949180990111957     
  0.30221481978600045     
  0.30732400422665318     
  0.30724363348886236     
  0.29836404578994158     
  0.29326266225549114     
  0.29078642455109421     
  0.28730736400273216     
  0.29023509483855037     
  0.29245430778608639     
  0.28974057290620825     
  0.28820717007910601     
  0.29279119665805398     
  0.29246627850328333     
  0.29209540981905674     
  0.29688868228240689     
  0.29275424868900618     
  0.29228396264872492     
  0.29016993848931327     
  0.29500836752623377     
  0.29283911479463814     
  0.29560245439657462     
  0.28790224956651789     
  0.28919539044711401     
  0.29096875646724191     
  0.29061881533655265     
  0.29796516840052528     
  0.29278650479946355     
  0.28692781270087336     
  0.28856806474927699     
  0.29001062665938832     
  0.29585978410345531     
  0.28576192293296165     
  0.29016452393770720     
  0.29486160804023437     
  0.29649158622873317     
  0.29522511796765305     
  0.29201027069544272     
  0.29381768963409433     
  0.28745063721438824     
  0.29284069952740555     
  0.29176792071186275     
  0.29397193732283428     
  0.29185559063918320     
  0.29168119516049701     
  0.29729268746774973     
  0.29666831970665375     
  0.29462444285391420     
  0.29892693140801457     
  0.28991248648474593     
  0.29096492392322615     
  0.29193330464956846     
  0.29428647214356141     
  0.28879667570815831     
  0.29011726570103524     
  0.29056606928876583     
  0.29785911466189996     
  0.29822145599240929     
  0.29622994025299393     
  0.29781631190403596     
  0.29368870905463179     
  0.28859351967219893     
  0.29032851765825524     
  0.29083853959530143     
  0.28922471073677380     
  0.29027973683412106     
  0.29383555691585428     
  0.29464252213197195     
  0.29282597398370352     
  0.29260386251276427     
  0.29414043884342517     
  0.29148740705413650     
  0.29511007853686361     
  0.29613252615279745     
  0.29329521127961056     
  0.29700220768916674     
  0.30039247734174862     
  0.30116321567454402     
  0.29798216649674725     
  0.29184052667245192     
  0.29500398793584659     
  0.29302118338336952     
  0.28859436232714986     
  0.28899613085441106     
  0.29102988348213221     
  0.29279328699115309     
  0.29476926318146068     
  0.29280330030938623     
  0.29006757969990782     
  0.28512291900363662     
  0.28539030464997944     
  0.28440462229162228     
  0.29035268448066609     
  0.29594726640937802     
  0.29498743368956243     
  0.29426728511723177     
  0.29272108747134429     
  0.29434122939858265     
  0.29393876637072647     
  0.29194486365066225     
  0.28973162923180074     
  0.29033519104686645     
  0.28967595892636494     
  0.28447612813081880     
  0.28866901501946973     
  0.29213815023859124     
  0.29631030104424061     
  0.29276889493132074     
  0.29510177135161836     
  0.29497556965962152     
  0.29714828518082581     
  0.29514349403117440     
  0.29915880076762735     
  0.29391295732614575     
  0.29578185480020902     
  0.29357934361777577     
  0.29595111152454712     
  0.29184494867632915     
  0.28861269663027828     
  0.29011294712017799     
  0.28588929728186713     
  0.29167114298014551     
  0.29540296913421454     
  0.29565634076121577     
  0.29556609023585034     
  0.29473628611562885     
  0.29349359034711853     
  0.30043077183989869     
  0.29482421731304848     
  0.29330617704386042     
  0.28757855190151310     
  0.28561361342516467     
  0.28679232216226558     
  0.28931114850942774     
  0.29420113744774817     
  0.28643120569984903     
  0.28974973092022316     
  0.28981765199841669     
  0.28948513927396480     
  0.28828094395854764     
  0.29224621491574654     
  0.29529626941596804     
  0.29436169604875517     
  0.30051620918334437     
  0.29169245684903172     
  0.29550529889855998     
  0.29315542867627792     
  0.29176811222122379     
  0.29124458860282298     
  0.28894335844121710     
  0.28482429976891943     
  0.29063387953772674     
  0.28908164378905121     
  0.29063462551166525     
  0.29106240728891969     
  0.29968020458302730     
  0.30037914663810183     
  0.30148648102437670     
  0.29861645871587095     
  0.29649736029329821     
  0.29118681858544759     
  0.28640101281312158     
  0.29051265730520937     
  0.28945576876321577     
  0.29241637847254826     
  0.29245734704119192     
  0.29309019343346099     
  0.28781323167216233     
  0.28608364564183880     
  0.28606519852494783     
  0.29585673045040861     
  0.29408604276892969     
  0.29196828563596017     
  0.29407488358109696     
  0.29290861373131744     
  0.29500351981108747     
  0.29189431233091601     
  0.28873997133312967     
  0.29111921454431461     
  0.29425311283581740     
  0.29824942982894442     
  0.29185650270623203     
  0.28947846848764214     
  0.28827035417931512     
  0.28294653789910568     
  0.28379398366236452     
  0.28820971810355678     
  0.29395221375060926     
  0.29097328861447419     
  0.29438267028138732     
  0.29075972533084071     
  0.29390980737893757     
  0.28730610969203618     
  0.28877714876945726     
  0.29028064091373634     
  0.29416365298128216     
  0.29202021157651287     
  0.29531077549410656     
  0.28814957201058272     
  0.29139924957578911     
  0.29220604488668095     
  0.29394209642280322     
  0.29274959232281866     
  0.29367558928523918     
  0.28826644516574929     
  0.29131259841611790     
  0.28902485566121533     
  0.28998942198007671     
  0.28977565253983423     
  0.28651669521563949     
  0.28575432442469267     
  0.28723645477559295     
  0.28889960910643597     
  0.29026737764562499     
  0.28736643588971678     
  0.28589197883930573     
  0.28928811547562994     
  0.29301252378778148     
  0.28907091353485520     
  0.29302000505946668     
  0.29483931164814181     
  0.29246857610915500     
  0.29168934438176208     
  0.29571878817123370     
  0.29052314100117332     
  0.29399354612303003     
  0.29361575582294508     
  0.29125310220474870     
  0.29192990593133911     
  0.28865288618198742     
  0.28516802491004212     
  0.29228087829124488     
  0.29140417496640592     
  0.29179917983700598     
  0.29766896360002415     
  0.29675925427362881     
  0.29548754815537076     
  0.29178062071530630     
  0.29051649949855762     
  0.28881144820462029     
  0.28959598955403548     
  0.28594186048571130     
  0.29295473427127483     
  0.29254683782564667     
  0.29803280328045612     
  0.29502257541229260     
  0.28830117102361830     
  0.28974372854313801     
  0.29162491455727674     
  0.29371617831087332     
  0.29245938981516167     
  0.29369590107707433     
  0.28808214535632048     
  0.28906148692922234     
  0.28873814585630414     
  0.28921942198427031     
  0.28883028199292071     
  0.28960775504591807     
  0.29178868789013962     
  0.29720062690633514     
  0.29803511314310505     
  0.29350971681639587     
  0.29631693770155532     
  0.29705149106253537     
  0.29682868806671175     
  0.29304385138769296     
  0.30122099603916480     
  0.29790587390086304     
  0.29606436956504789     
  0.29313640440738586     
  0.29607943206552612     
  0.29214047316549274     
  0.29085754182847112     
  0.29083470193331079     
  0.29519202768751140     
  0.29976783089296843     
  0.29329913385096823     
  0.29925237184270370     
  0.29882157777604823     
  0.29545721226028693     
  0.29441303253428586     
  0.29197734716088003     
  0.29691004207249022     
  0.29740256459328945     
  0.29820378759501237     
  0.29714573841209857     
  0.29314157208987368     
  0.29198840060549269     
  0.29043499862154454     
  0.28912100767656151     
  0.29207384873329501     
  0.29182649031574426     
  0.28873002502432249     
  0.28971243644949146     
  0.28939505912891544     
  0.29171959472968678     
  0.28848536183300583     
  0.28651505948551426     
  0.28541805561424732     
  0.28325914966581012     
  0.28492529247288656     
  0.29026821843005446     
  0.28997584046977282     
  0.28714287164508451     
  0.28451589338088473     
  0.28830034387742914     
  0.28824496413259537     
  0.29017380673972554     
  0.29225943098224844     
  0.29030006392063790     
  0.29277179133516534     
  0.29172679523135148     
  0.29424882324895413     
  0.29379519660055986     
  0.29120960072512486     
  0.29635132053227869     
  0.29569934189284697     
  0.29685420287458547     
  0.29467921330784952     
  0.28876242799650603     
  0.29498549518426226     
  0.29937645805944230     
  0.29676790454420726     
  0.28982747492169370     
  0.29182685347322396     
  0.29397627125043813     
  0.29042360664787209     
  0.29469870421534905     
  0.29419684922517170     
  0.28848345383068447     
  0.29093892118222164     
  0.29200307595002212     
  0.28729138516111152     
  0.28634159085593508     
  0.28671789305446277     
  0.28917745556926744     
  0.28996580791915838     
  0.29061594489758635     
  0.29452479010816768     
  0.29667858350164633     
  0.29106224329299651     
  0.28795132351154962     
  0.29259497255139250     
  0.29247772437010811     
  0.29240913060008777     
  0.29276035013435187     
  0.29814927807577141     
  0.29919553971984419     
  0.29851179939827377     
  0.29453002911724380     
  0.29498386364812590     
  0.29654328097725169     
  0.29747896773180621     
  0.29678717550291572     
  0.29756359573226954     
  0.30063269934616466     
  0.29529656881771088     
  0.29608684587480755     
  0.29715296223658955     
  0.30133645320832064     
  0.29961861217658003     
  0.29864305386545242     
  0.29517235805553033     
  0.29305198062869858     
  0.29129364005654146     
  0.29507083477113921     
  0.29423142681624942     
  0.29893548181039126     
  0.29807877941039607     
  0.29370683864713704     
  0.29565785032083192     
  0.29514744237982815     
  0.29534045255198477     
  0.29332489166189984     
  0.29059057494587576     
  0.29407577352220710     
  0.29268345514789423     
  0.29030923078926096     
  0.29118274356362828     
  0.29319543804061260     
  0.29785253660405542     
  0.29176312194202492     
  0.29522167610396066     
  0.29510236567820203     
  0.29855241918146813     
  0.29940071354470171     
  0.30163172342117273     
  0.29815700537173284     
  0.30289811653406629     
  0.29837046000476120     
  0.29595194096557992     
  0.29486419348814008     
  0.29606859407082686     
  0.29507320436940049     
  0.30088379665824189     
  0.29479470821670439     
  0.29442778884417065     
  0.29198715455404617     
  0.28980231706059190     
  0.28621298225289449     
  0.29503888780067594     
  0.29412948374996045     
  0.29540633213747008     
  0.29258764218378186     
  0.29740171970635537     
  0.29717954387104845     
  0.29589858102850114     
  0.29824988803438773     
  0.29301097051985808     
  0.29672264054985431     
  0.29581794194603522     
  0.29354903739332072     
  0.29720953619488927     
  0.29747620750468146     
  0.29976505870884951     
  0.29619696672524948     
  0.29229150841837642     
  0.28634889379720785     
  0.28780878014091482     
  0.28698702141496152     
  0.28916122761248703     
  0.29143532102522923     
  0.29312729335901833     
  0.29140764805238334     
  0.29713381629741970     
  0.29206127575821955     
  0.28942205610541250     
  0.29178004654902312     
  0.28617267845848260     
  0.28974357059041023     
  0.28833236499131887     
  0.28377727267214065     
  0.28478841636974483     
  0.29202692328874347     
  0.29589180555151978     
  0.29333970961661682     
  0.29323495248852538     
  0.29663414054674453     
  0.29318463945405265     
  0.29761540101722922     
  0.29477369326081837     
  0.28973058780113747     
  0.28568216940234165     
  0.28849063444448314     
  0.28981457040573566     
  0.29034004580150397     
  0.29122204428514431     
  0.29161252452522274     
  0.28986527616115326     
  0.28735122881980574     
  0.28758097381050957     
  0.29225649193391101     
  0.29538691494177799     
  0.29216930086974507     
  0.29088223876642166     
  0.29580799071513592     
  0.29500148109239160     
  0.29247657057600157     
  0.29577308334397612     
  0.29924857823882617     
  0.29441695555937086     
  0.29214101079761184     
  0.29650430154935753     
  0.29465892247475856     
  0.29169884866261214     
  0.29287141434433051     
  0.28982692896166307     
  0.28995147137754596     
  0.29186511593109227     
  0.29610239067520661     
  0.29625312079219723     
  0.29719431647439987     
  0.30173492011923719     
  0.29540884610722967     
  0.29663267874040444     
  0.29605058349002328     
  0.29355798183796272     
  0.29661043243308305     
  0.29394635590475210     
  0.29056374143365860     
  0.29852875164471926     
  0.29667932627219140     
  0.29253577671118408     
  0.29021250464970860     
  0.29308582382313014     
  0.28762359939917237     
  0.28916048847672576     
  0.29100130668290353     
  0.29075417599904252     
  0.28996213486834682     
  0.29199372438079035     
  0.29419828392453268     
  0.28959296082980845     
  0.29324899566855933     
  0.29194732924854433     
  0.29080782542267397     
  0.28931191052370875     
  0.28940091375887017     
  0.28951869519152268     
  0.29619604295233914     
  0.29189553248994565     
  0.28854858866489419     
  0.29118505983303811     
  0.29461369594387393     
  0.29836884859049895     
  0.29267703595049793     
  0.29092191109157423     
  0.28929825860817165     
  0.28935055310832797     
  0.29415934370123731     
  0.29704361054094636     
  0.29661245432591882     
  0.29750708233793488     
  0.29882501601851535     
  0.29022640889873030     
  0.28870000040330995     
  0.28874742216404625     
  0.29255264805035108     
  0.29857803078958356     
  0.29201664185085990     
  0.28791051988385025     
  0.28922573924325889     
  0.29179202928180381     
  0.29034244095381023     
  0.29213702564513855     
  0.28933485201318987     
  0.29069909234691954     
  0.29108815193878912     
  0.28925848466656068     
  0.28982017929183229     
  0.29371445217294007     
  0.29667411286876760     
  0.29490259024878218     
  0.29625044492755209     
  0.29210884091314848     
  0.29161400448288932     
  0.28520227996114283     
  0.28538067208129286     
  0.29125107260929106     
  0.29693253064506814     
  0.29341029683288417     
  0.28983791904462630     
  0.29105788583761188     
  0.29084460143625601     
  0.29657087511698738     
  0.29877242171356139     
  0.29627862431717389     
  0.29443217317041387     
  0.29395551818812238     
  0.29458281227714528     
  0.30099331099731652     
  0.29715146880864507     
  0.29472540911122552     
  0.29344639733747441     
  0.29113000291657409     
  0.29001712525542894     
  0.29040928441721303     
  0.29197702374868378     
  0.28873386698407461     
  0.29023330651905666     
  0.28970839832163725     
  0.29031467791118171     
  0.29352326612199475     
  0.29186719441954329     
  0.28871603492391101     
  0.29309518726918521     
  0.28903094839715510     
  0.28819215664011083     
  0.28747189745693719     
  0.28948437694264145     
  0.28841750539605032     
  0.29025922960233141     
  0.29046866838390728     
  0.29105843938144860     
  0.29293469445248410     
  0.29305201206134107     
  0.29577480308675186     
  0.29455128964809257     
  0.29269029336153296     
  0.29264931554982593     
  0.28731469827276213     
  0.28790695399015387     
  0.28983528037727824     
  0.28915726619240045     
  0.29290033386273473     
  0.28997353653442742     
  0.28721774268557654     
  0.29354631937128217     
  0.29543503298711604     
  0.30000406579937561     
  0.29987428256755916     
  0.29952182171821318     
  0.29548754139786565     
  0.28971458777155329     
  0.29386522834745027     
  0.29211936646423509     
  0.29531763254347626     
  0.29312051826519020     
  0.28813365439865485     
  0.29219809614826020     
  0.29104160545128438     
  0.28622088525960160     
  0.28894390443176221     
  0.29451785097863487     
  0.29434271772713833     
  0.29351550512402708     
  0.28984615005263725     
  0.29066429323167758     
  0.29072605350381153     
  0.29425988977820072     
  0.29583625288691268     
  0.29351104287333618     
  0.29523421565592706     
  0.28912287623251709     
  0.29183875693556161     
  0.29152676595833626     
  0.29347389850847211     
  0.29206183857641282     
  0.29145884074222206     
  0.29262357242688564     
  0.29372890628527770     
  0.29459666724357297     
  0.29376560122279782     
  0.29140180435835600     
  0.28810330206875751     
  0.28397989033793114     
  0.28809533891624955     
  0.29040922562995619     
  0.29095240819454216     
  0.29025726416919445     
  0.28470761888569118     
  0.28855625505764104     
  0.29183689549954173     
  0.29047331940049209     
  0.29127398419188094     
  0.29184153923287115     
  0.29656529562377804     
  0.29336982461475336     
  0.29183183702009285     
  0.29226210675724235     
  0.29045338084954325     
  0.29129440076568480     
  0.29016469293851455     
  0.28756711417047592     
  0.29189096946569310     
  0.29331593961293173     
  0.29234839934894535     
  0.29340668219647748     
  0.28943920133037981     
  0.29143987591847731     
  0.29007685298180325     
  0.29441844965552599     
  0.29505332112524135     
  0.28946924950632041     
  0.29127671832202906     
  0.29383429626032287     
  0.29104237035635133     
  0.29013217127703511     
  0.29014191057063710     
  0.29801848849596085     
  0.29667281084898711     
  0.29949850717998344     
  0.29699780774345175     
  0.29443743582868265     
  0.29890352060631653     
  0.29126120074018941     
  0.29550469268022306     
  0.29630381072482725     
  0.29451868866045472     
  0.29686534729818709     
  0.28802237445307044     
  0.29531602215473990     
  0.29345406405181385     
  0.28597157179414584     
  0.28945283618948442     
  0.29691458011629607     
  0.29518981595364852     
  0.29248214034906028     
  0.29343269202845440     
  0.30121713465844308     
  0.29649074911468370     
  0.29348815882235046     
  0.29546903422279319     
  0.29342967258858743     
  0.29404775905158642     
  0.29107162353853189     
  0.28852692795961421     
  0.29235568795610356     
  0.29133432682229993     
  0.28834796390555945     
  0.28998326423109816     
  0.28706897140480403     
  0.28790902236804827     
  0.29263805271674853     
  0.29194650640136199     
  0.29019042101703446     
  0.29280036259093634     
  0.29381302477560883     
  0.29133934576218667     
  0.29464085191405986     
  0.29427496457060892     
  0.29321706822834481     
  0.29521846451783657     
  0.29455043255824820     
  0.29398753416761936     
  0.28926932198596256     
  0.28114885109307702     
  0.28626722239419622     
  0.28738069243233488     
  0.28605280518411769     
  0.29137183768702590     
  0.29321875688575783     
  0.29236881488972888     
  0.29453825208756690     
  0.29298131317936799     
  0.29249841350466516     
  0.29050225149739456     
  0.29054240352168054     
  0.29303929708725218     
  0.29460335431166373     
  0.29066161965798154     
  0.28559708312085080     
  0.28704642236185490     
  0.29043955495893725     
  0.28910044294257942     
  0.28637637948567130     
  0.28674057965002631     
  0.28931953063721078     
  0.29456760091187034     
  0.29144987237827069     
  0.29366407689301882     
  0.29345011819523203     
  0.29288741402829188     
  0.29465250342362831     
  0.29294412141631754     
  0.29160559593842672     
  0.29375692484039700     
  0.29842168812763392     
  0.29704744849381387     
  0.29833300260894441     
  0.29825196953889660     
  0.29906041105692149     
  0.29381660181650798     
  0.29323848546330178     
  0.29198199235998379     
  0.29367512121668848     
  0.29852458929964731     
  0.29886474851905698     
  0.29534695115803877     
  0.29584800373343345     
  0.29269045175287489     
  0.29012059234595045     
  0.29526000813652820     
  0.29274436226117206     
  0.29597710028951124     
  0.29096451191042100     
  0.29246445428237150     
  0.29049670884433421     
  0.29038173064164891     
  0.29847338742380825     
  0.29839256222131705     
  0.29726777101095303     
  0.29143315617183396     
  0.28883514531634619     
  0.29454553676275258     
  0.29479736541218238     
  0.29658911900855117     
  0.29443695475623860     
  0.29622198954608031     
  0.29365887874642083     
  0.29520980184369394     
  0.29529353733789232     
  0.29857660024643573     
  0.29527318688584836     
  0.29215255858727851     
  0.29656126019229673     
  0.29640444360469226     
  0.29386751793539656     
  0.29344105411249793     
  0.29357569651273308     
  0.28715522618695788     
  0.29001262412612522     
  0.29295362122119517     
  0.29322442622303219     
  0.28891082767462783     
  0.28722926376072760     
  0.29161434976578349     
  0.29343818751151962     
  0.29092898988553023     
  0.29633000386341563     
  0.29723221590207832     
  0.29798268799856620     
  0.29421202332751956     
  0.29101614814236759     
  0.29451824333839005     
  0.29356598092186786     
  0.29532178726430719     
  0.29355332366423298     
  0.29185415211505145     
  0.29028969761101470     
  0.29179502959881731     
  0.29206745154236563     
  0.29313062762418146     
  0.29499263312005330     
  0.28907555242739724     
  0.28487416803557741     
  0.28584884789524567     
  0.29009403816136531     
  0.28922782601727021     
  0.29341108335381416     
  0.29676125655895796     
  0.29438451082920108     
  0.29466291741598916     
  0.29060417108675618     
  0.29351422251882142     
  0.28966855029284244     
  0.28740770376191199     
  0.28825539518168503     
  0.28963269876170189     
  0.29194077258602052     
  0.29502422965427683     
  0.29484421565043356     
  0.29460438831909069     
  0.29221958141394500     
  0.29232282198756965     
  0.28964185870139203     
  0.29019791113795973     
  0.29662234946474514     
  0.29373842866752992     
  0.29717149695753287     
  0.29490165916588801     
  0.29572366000427763     
  0.29445789584419346     
  0.29271263484846055     
  0.29041202112376446     
  0.28683042837419542     
  0.29432790061544201     
  0.29037599168228678     
  0.29247735893045329     
  0.29147993026499291     
  0.29052789421043801     
  0.28853170092772407     
  0.28937113333788672     
  0.29250140339926245     
  0.29383581447334495     
  0.29245208077578166     
  0.29438982736180402     
  0.29792025436579644     
  0.29317851790122584     
  0.29681819891985162     
  0.28957619970910192     
  0.29108794171868019     
  0.28710335573861373     
  0.28582712339130140     
  0.28720234887165613     
  0.28785637675656306     
  0.29245170831079875     
  0.28793350706953813     
  0.29142903474862153     
  0.28767457448614231     
  0.29028385772627258     
  0.28941505315620675     
  0.29225287123031557     
  0.29143551072809226     
  0.29433553276417102     
  0.28799085402996921     
  0.29536210404231239     
  0.28931461032000688     
  0.28695304469198352     
  0.28894413609083031     
  0.29445008618827978     
  0.29297501026182515     
  0.28803064650748900     
  0.28483651042335462     
  0.28924663385022070     
  0.28948048280911909     
  0.28974861487704606     
  0.28986269451725510     
  0.29418956886880493     
  0.29863550699334090     
  0.29725622858604178     
  0.29727205125838546     
  0.29679413369908425     
  0.29770028021265255     
  0.29959271081717359     
  0.29220746016346733     
  0.29335842634796444     
  0.28929696231661201     
  0.29112136204304034     
  0.28952016433796873     
  0.29008947200405610     
  0.29079841376343862     
  0.29327784606580237     
  0.29207926306170429     
  0.28899448939777783     
  0.28936279885046623     
  0.28845568910660069     
  0.28674130424272443     
  0.29150216568229043     
  0.29383469097644715     
  0.28984418290240893     
  0.29168590824501833     
  0.29041028841284700     
  0.29473353792985618     
  0.28888228734832355     
  0.29034217073672552     
  0.29551127373615960     
  0.28864296411922263     
  0.28862221023430767     
  0.28909833054234291     
  0.29195076042815332     
  0.29141177671759649     
  0.29127686739171726     
  0.29393444020225501     
  0.29003281613772508     
  0.28793062025882282     
  0.29156341327081275     
  0.29281031113632172     
  0.29094544624422758     
  0.28877742496219422     
  0.29191125432985704     
  0.29759894192722580     
  0.29827881750712865     
  0.29901153350087178     
  0.29683863935866867     
  0.29219523907275430     
  0.29136742224428952     
  0.28674817537250563     
  0.28848848450806475     
  0.28980164126078090     
  0.29163977167460414     
  0.29357190277586587     
  0.29577353238541476     
  0.29568173280426846     
  0.29290085805527738     
  0.29510601914963425     
  0.29438815089323983     
  0.29573445527009046     
  0.29614586145684801     
  0.28977124341663513     
  0.28844150203094998     
  0.29105167225961442     
  0.28711502313822618     
  0.28700681804690187     
  0.28359607377827800     
  0.28893539828428072     
  0.29464239103511358     
  0.29313717992149357     
  0.29255868760103787     
  0.29097003794195131     
  0.29285001263456523     
  0.29007411202400851     
  0.29534125187537980     
  0.29497162091914325     
  0.29474006101539957     
  0.29366286755930482     
  0.28935755637916349     
  0.28913916887704849     
  0.29233552359995724     
  0.29381867470982548     
  0.28960267372032811     
  0.28871733520181520     
  0.28977784872000761     
  0.29241353569152378     
  0.28991720703666868     
  0.29185098239157109     
  0.29424725378280842     
  0.29306349301051982     
  0.29197520411126132     
  0.29731406862265475     
  0.30013101322165670     
  0.29592100876015631     
  0.29443404276309154     
  0.28820661437494538     
  0.28865874904065369     
  0.29111017162169622     
  0.29383930064096525     
  0.28728471840922137     
  0.28890882750551306     
  0.29210530741002516     
  0.29286360917803111     
  0.29475433144915597     
  0.29524675980589987     
  0.29678711186820911     
  0.29869165258499486     
  0.30289132457631279     
  0.30231878784042981     
  0.29525327024241849     
  0.29613813051453414     
  0.29341285057151079     
  0.29474517871620276     
  0.29363102938141117     
  0.29367072285703150     
  0.29492408786777324     
  0.29048281151464506     
  0.29083415434386345     
  0.29308399468611757     
  0.29303769374111183     
  0.29478010702102447     
  0.28784075847114932     
  0.29393253309513473     
  0.29404102915799357     
  0.29116204723198558     
  0.29041432257573613     
  0.28946222430242813     
  0.28704881342026412     
  0.28790534285519026     
  0.29491598934351670     
  0.29018175058588958     
  0.28735254618939121     
  0.28988369969720629     
  0.28869687406647676     
  0.28954364694903051     
  0.29013898284196826     
  0.29230582016593809     
  0.29102001616162454     
  0.29453808774675722     
  0.29362684111742920     
  0.29492713357795225     
  0.29304755258840970     
  0.29384131886989701     
  0.29178844124381753     
  0.28983086073102271     
  0.28952167660131500     
  0.29290941789208330     
  0.29082786142405526     
  0.29130218468987540     
  0.29628286280539717     
  0.29997053573964882     
  0.29488225259802814     
  0.29941364670274034     
  0.29218495047694759     
  0.28858499301333057     
  0.28798482270677522     
  0.28846585922477336     
  0.28546916569435493     
  0.28549753264412159     
  0.29243274189185231     
  0.29501480565293675     
  0.29764385333441445     
  0.29171058358359975     
  0.28873502921733718     
  0.28832849956042217     
  0.29345061075417744     
  0.29516642323585396     
  0.29214549103661436     
  0.28982056622347629     
  0.28872732519284011     
  0.29063912461929575     
  0.29258344350709786     
  0.29234074208447552     
  0.29498278268057887     
  0.29801048096900579     
  0.29487204690102581     
  0.29699719397748520     
  0.29382058502430092     
  0.29809613910498661     
  0.29736157538687141     
  0.29806457894070182     
  0.30089585856991380     
  0.29192382265660194     
  0.29067383656319273     
  0.29275851396836317     
  0.29219020109528454     
  0.29024626623289229     
  0.29359578852423313     
  0.29694911447232758     
  0.29471008400796717     
  0.29056710995187385     
  0.29179872617696040     
  0.29205318555438842     
  0.29336466323375826     
  0.29178359381299424     
  0.29088617092439334     
  0.29291924551926030     
  0.29727647241542687     
  0.29307646683940736     
  0.29116218743902711     
  0.29495313004556878     
  0.29389840019689911     
  0.29279146933807754     
  0.29116339554175980     
  0.28939252168485974     
  0.29014533590313468     
  0.29484256846226359     
  0.29365195691526369     
  0.29369558967600357     
  0.29429703334654145     
  0.29568829700288746     
  0.29499927514643864     
  0.29451716912427067     
  0.29444926434869861     
  0.29174620519871686     
  0.28717522811132074     
  0.28622316337175824     
  0.29046273577738335     
  0.29558798766665462     
  0.28888362726263794     
  0.29174059598520830     
  0.29098711584870768     
  0.28968823144246025     
  0.29377029788272457     
  0.29045706921730113     
  0.29175397371165024     
  0.28972247471246226     
  0.29508191096271169     
  0.29107788941160212     
  0.28791228594198215     
