  0.40015699259937743     
  0.40248779222407471     
  0.39951879204005114     
  0.39881128610465427     
  0.39766683206485148     
  0.39563288134774682     
  0.39446825176426387     
  0.39431662516856009     
  0.39567728662030255     
  0.39625406853206863     
  0.39417931514454024     
  0.39347266959930965     
  0.39290561979691935     
  0.39407695173113927     
  0.39547164906437315     
  0.39353905246992571     
  0.40382573005321110     
  0.40346528418165151     
  0.40743113876943760     
  0.52710253047411171     
  0.48878404859123548     
  0.46186445310736945     
  0.44114831116967984     
  0.42691589337948738     
  0.41812656433745987     
  0.41035733891340320     
  0.40126413962579915     
  0.39881306213946399     
  0.39698141703926720     
  0.39594670206489402     
  0.39375809923842159     
  0.39402817226942033     
  0.39568744349713375     
  0.39461744454803138     
  0.39501963365066461     
  0.39823669652482863     
  0.39801036099947684     
  0.39507609263362264     
  0.39536020079591755     
  0.39690402093410160     
  0.39766555094300904     
  0.39488341048557013     
  0.39740438380209619     
  0.39546782289010474     
  0.39632192268115102     
  0.39550207770121454     
  0.39558803463551262     
  0.39512313486582212     
  0.40636544198753322     
  0.40340786082300767     
  0.40074583446941098     
  0.39982881285073146     
  0.39966781635936366     
  0.39730337524182041     
  0.39820321197188219     
  0.39878344011312555     
  0.39592556217071045     
  0.39404830541681313     
  0.39522980138803243     
  0.39333900783862036     
  0.39338866757757385     
  0.39496389535210646     
  0.39519413236738710     
  0.39574505801482929     
  0.39272473844821043     
  0.39278710788508936     
  0.39186476374067764     
  0.39512175425348522     
  0.39415970180856147     
  0.39518658591054501     
  0.39577858426489265     
  0.39581347805711559     
  0.39657531267476437     
  0.39761653384653461     
  0.39930161693340210     
  0.39815963039165214     
  0.39750958316495122     
  0.39674287995566132     
  0.39861176679716975     
  0.39530341567274913     
  0.39359208215677621     
  0.39349097320961102     
  0.39330300349071212     
  0.39346461398183724     
  0.39379050438925350     
  0.39512142374210008     
  0.39342342057071988     
  0.39383245579855752     
  0.39213577901700591     
  0.39380724528304756     
  0.39528211595624324     
  0.39388655305220005     
  0.39324093628553486     
  0.39202353956496305     
  0.39239875418180187     
  0.39496148523525743     
  0.39516673097693561     
  0.39467248112753223     
  0.39611102495972267     
  0.39745044223697801     
  0.39591010368956359     
  0.39634903925113119     
  0.39611462710980966     
  0.39622428202482562     
  0.39597344710860405     
  0.39632071400727958     
  0.39675274327433213     
  0.39679779749274230     
  0.39630426292333920     
  0.39573922974965386     
  0.39550289439405911     
  0.39646820719505710     
  0.39737519151976075     
  0.39662010448089574     
  0.39623879302237486     
  0.39596990686350314     
  0.39780472964466745     
  0.39578244702727811     
  0.40068011000963871     
  0.39584133160547502     
  0.39838249198691905     
  0.39723302500049118     
  0.39281462444115733     
  0.39333951244831489     
  0.39299327335370055     
  0.39648943876616044     
  0.39581396108957728     
  0.39452590682199906     
  0.39337006240488231     
  0.39432096076403667     
  0.39352494265559018     
  0.39567578734987285     
  0.39560003820882744     
  0.39533556203593284     
  0.39537216881554710     
  0.39450696112265993     
  0.39467835709247956     
  0.39518647581318722     
  0.39528919731675993     
  0.39282298714065922     
  0.39506518289528819     
  0.39525422047485920     
  0.39365062589547994     
  0.39494446280672885     
  0.39414855832860984     
  0.39665469649849555     
  0.39383932387072823     
  0.39432423719759940     
  0.39604257761873851     
  0.39720942080277938     
  0.39625126208799877     
  0.39645770966322397     
  0.39854434285214119     
  0.40048027763332766     
  0.40052284540104549     
  0.39755868764738572     
  0.39601910871695978     
  0.39216013397206717     
  0.39596731611789632     
  0.40317530981786248     
  0.39947824038968160     
  0.39768592999246288     
  0.39690940486249543     
  0.39547259753354225     
  0.39398929346553935     
  0.39377461631167260     
  0.39986292430526754     
  0.39822567875651638     
  0.39578041443478035     
  0.39962250097616880     
  0.39678450845056584     
  0.39621231249569616     
  0.39645262272667875     
  0.39508596812732433     
  0.39312345415857580     
  0.39099633192612598     
  0.39122045715600301     
  0.39300198590311225     
  0.39566408572620804     
  0.39510122651810908     
  0.39754436724210512     
  0.39625081812418922     
  0.39254700573316431     
  0.39272008895282040     
  0.39170045805232201     
  0.39403239889953295     
  0.39297784144768783     
  0.39300611756499781     
  0.39508522656591855     
  0.39396549633356842     
  0.39349516047861527     
  0.39290809542046190     
  0.39421709987217973     
  0.39398385535190505     
  0.39966328025419634     
  0.39494787182113311     
  0.39632853198020401     
  0.39642901771016670     
  0.39630697798428177     
   1.9828351603905299     
   1.5369367724586811     
   1.2029882652336625     
  0.98049654044847445     
  0.81418214866698113     
  0.69266833157796437     
  0.60902236412286637     
  0.54521810573186846     
  0.50202882552028449     
  0.47404565153624229     
  0.44980209654841741     
  0.47835685065712963     
  0.46086229904719045     
  0.43989318230212388     
  0.42432928405396264     
  0.41531736620304965     
  0.40995215665260881     
  0.40438240241101564     
  0.40298219806363866     
  0.39871058242984014     
  0.39629933265905581     
  0.39393695162228043     
  0.39460969304211579     
  0.39556615405748552     
  0.39517636722291971     
  0.39401198912894442     
  0.39527559060056555     
  0.39387517664220367     
  0.39781561266063470     
  0.40239069969383134     
  0.39897593070732795     
  0.39916642757665832     
  0.39611294478601661     
  0.39521977589564150     
  0.39520987262448271     
  0.39324854011851240     
  0.39586495202126526     
  0.39206332304873109     
  0.39376585872482800     
  0.39230185218719943     
  0.39303889048415758     
  0.39375777312392002     
  0.39196198713856917     
  0.39407228865963279     
  0.40547660177381706     
  0.40351213165102007     
  0.39863489069872821     
  0.39799301736483711     
  0.39581475664957316     
  0.39530570635338902     
  0.39648615658977465     
  0.39710292816864545     
  0.39893117573954240     
  0.39636796394860618     
  0.39513180914862700     
  0.39600770738184921     
  0.40309645434690450     
  0.40137642350903052     
  0.39667482178713614     
  0.39361536364195987     
  0.39281016820166403     
  0.39351425691324549     
  0.39164536414592155     
  0.38850529654590316     
  0.39013434080181542     
  0.39351667530441925     
  0.39441876071836207     
  0.39390772342011282     
  0.39263449334182782     
  0.39031274928300647     
  0.39685684298751878     
  0.39590752797096829     
  0.39498562392407455     
  0.39793216793747910     
  0.39853153797182400     
  0.39714937092256597     
  0.39640868048080058     
  0.39483161915059400     
  0.39484528536900770     
  0.39690111438601794     
  0.39630505092596063     
  0.39482221031932385     
  0.39292122169066107     
  0.39304680838617223     
  0.39781964802124659     
  0.39699213192768990     
  0.39665092877459912     
  0.39369609077190815     
  0.39476909495860280     
  0.39361332282907813     
  0.39352964145436298     
  0.39441618599147832     
  0.39505653913449051     
  0.39435533662784322     
  0.39999474074803337     
  0.39984541857392597     
  0.39790788876558791     
  0.40365827990225961     
  0.40443714271363018     
  0.40129240421533602     
  0.40169022471033267     
  0.39677524289175781     
  0.39565860491227434     
  0.39584039631002554     
  0.39502555726622146     
  0.39597509778419726     
  0.39659856332143623     
  0.39491521452785305     
  0.39559434608041577     
  0.39953318204176225     
  0.39666520515680870     
  0.39942885702296038     
  0.39758235667464342     
  0.39724607938435058     
  0.39453033886335515     
  0.40009907649836662     
  0.39929063960838385     
  0.39581574651061296     
  0.39636502281776925     
  0.39689790948413695     
  0.39504201063423899     
  0.39414260550904334     
  0.41969605321256953     
  0.41167815012643144     
  0.41013022198899357     
  0.40714274870935080     
  0.40450878631532916     
  0.40201748069273935     
  0.40010292312188062     
  0.40003079650553158     
  0.40610570330412332     
  0.40146527406964394     
  0.39869933736831237     
  0.39556038494926871     
  0.39442602054044695     
  0.39213087761700588     
  0.39425352689473586     
  0.39599624779831100     
  0.39545996072935413     
  0.42115747204492121     
  0.41395248859265849     
  0.40881155365838084     
  0.40055670072072369     
  0.39736926704814607     
  0.39621641013936942     
  0.39625648072447706     
  0.39554242385527627     
  0.39533629221080374     
  0.39461839672017202     
  0.40095392330844715     
  0.39893926211392988     
  0.39563240316431475     
  0.39638778049753776     
  0.39743619125564217     
  0.39809984794377867     
  0.39588054678411289     
  0.39475046267482083     
  0.39465365779834871     
  0.39297086329203640     
  0.39387844162972963     
  0.39473473313793295     
  0.39504908538875450     
  0.39606132396050509     
  0.39569244496221478     
  0.39660863460883089     
  0.39553977319386541     
  0.39584890768412279     
  0.39702335046135495     
  0.39116204120371723     
  0.39171626752878569     
  0.39304754474458670     
  0.39255506549242736     
  0.39307348282427662     
  0.39216264956946678     
  0.39219794599457353     
  0.39281451601295547     
  0.39347995597550595     
  0.39304451403722157     
  0.39446808365372177     
  0.39514595503387728     
  0.39595614122492490     
  0.39586933279058412     
  0.39283334284345306     
  0.39282070220437332     
  0.39591543162884996     
  0.39694731723127302     
  0.39734428322968984     
   4.0469121716044203     
   2.9932795163234509     
   2.2384926066340141     
   1.7364025264497744     
   1.3616738246842790     
   1.0953280118547262     
  0.89457861089364055     
  0.75183814326611620     
  0.64208989048758180     
  0.57365678160427214     
  0.52485719077358584     
  0.48547271937514380     
  0.45846745906984077     
  0.44054746097557135     
  0.42556498055696468     
  0.41650994565697425     
  0.41262091333018053     
  0.40792178637595045     
  0.40234807571481329     
  0.39890208914237912     
  0.39529108244332301     
  0.54709623544129715     
  0.50091329850436361     
  0.46657138723745123     
  0.44403005159563957     
  0.42803562458879585     
  0.41558375147142967     
  0.40941761443929886     
  0.40283947164821060     
  0.39966266385018911     
  0.39626554528043528     
  0.39773725915420383     
  0.39761879684311763     
  0.40004709900512353     
  0.39958019470848699     
  0.39969444146445560     
  0.39688903067048592     
  0.39516935475734966     
  0.39555341957432721     
  0.39500288434845271     
  0.39616140328641991     
  0.39414505278868894     
  0.39609756414504771     
  0.39510786804462361     
  0.39452506081906447     
  0.39534521888691926     
  0.39442714270075108     
  0.39462266768231230     
  0.39423732760194713     
  0.39644652819907861     
  0.39493031933449968     
  0.39566506226591247     
  0.39535323110539755     
  0.39337074216121815     
  0.39614884197556149     
  0.39545725042639801     
  0.39599473420058001     
  0.39735763712441607     
  0.39515348380035420     
  0.39576096479095080     
  0.39527251522672646     
  0.39658042251981757     
  0.39494905897654042     
  0.40128305183329355     
  0.39938709274140255     
  0.39633422476416130     
  0.39669591713633362     
  0.39500915123821867     
  0.39688458282679745     
  0.39708670326388751     
  0.39826659003224923     
  0.42373656993481201     
  0.41413833111729453     
  0.40548348906354015     
  0.40179052139550903     
  0.40021925421868643     
  0.39771728393285077     
  0.39679630971595081     
  0.39755515594337182     
  0.39860695462001139     
  0.39802580602580084     
  0.39839491256203907     
  0.39729618063246003     
  0.39584156712203505     
  0.39519995267611252     
  0.39382158400173684     
  0.39134068670884492     
  0.39026988204758728     
  0.39307667154769799     
  0.39456100034400315     
  0.39426300974134026     
  0.39397797293420228     
  0.39389968850141577     
  0.39508751169808665     
  0.39481605737214420     
  0.39360889375634495     
  0.39403521790875856     
  0.39504223350442919     
  0.39697318093279771     
  0.39622115179779899     
  0.39636292023427444     
  0.39565153572950529     
  0.39464911088089794     
  0.39527711847014890     
  0.39428364539974609     
  0.39521163181735958     
  0.40154819055886226     
  0.39688861327174718     
  0.39655290554315131     
  0.39528848232014707     
  0.39572902816873662     
  0.39595635251390532     
  0.39881811199902073     
  0.39806009027112849     
  0.39842114659111366     
  0.39977421718265271     
  0.39926261541390590     
  0.39840323522377036     
  0.39620782028361573     
  0.39535592875461695     
  0.39461614220062285     
  0.39716142793878267     
  0.39782384438280871     
  0.39543764169054191     
  0.39319606525885681     
  0.39261170045049809     
  0.39470980962634550     
  0.39477203212981221     
  0.39460341552869260     
  0.39274259077851381     
  0.39911538762744841     
  0.39820799650342414     
  0.39606009016592247     
  0.39593954864440511     
  0.39966479666628907     
  0.39772255749743152     
  0.39853170871581745     
  0.41993667430139031     
  0.41355159982140555     
  0.40580673361616687     
  0.40033164257328929     
  0.40054376113955148     
  0.39984042568351630     
  0.39679608837292502     
  0.39518126048752433     
   14.935690266946580     
   10.815991430453400     
   7.9311602192982313     
   5.7661355929519500     
   4.2448732870554391     
   3.1429682750352286     
   2.3522151236488225     
   1.7840626221772333     
   1.3924144929488564     
   1.1060878920649260     
  0.90014279711736378     
  0.75359348185316866     
  0.65504746840896166     
   46.018334556256711     
   33.342551273202034     
   24.004777848761304     
   17.319336631635977     
   12.632875000933483     
   9.2117883893697368     
   6.6871914608571679     
   4.8950905643403875     
   3.6346239525612716     
   2.7301315560101127     
   2.0622333319209045     
   1.5982553903811556     
   1.2596071900376151     
   1.0141491988804940     
  0.83905508270469153     
  0.71378374212599194     
  0.62221111647548721     
  0.55332030411168664     
  0.50858383617564351     
  0.47315026021795981     
  0.45059065207136323     
  0.43627349058848797     
  0.42265941100128684     
  0.41248333698380735     
  0.40665903759923677     
  0.41705624395535851     
  0.40726654497038778     
  0.40500003014766517     
  0.40304675541242557     
  0.40207205340139479     
  0.39774976060237921     
  0.39869993903210632     
  0.39748253040171910     
  0.39520027561547599     
  0.39410964532953546     
  0.43611123345634906     
  0.42537343084177048     
  0.41945298967774086     
  0.41420545149957627     
  0.40836863649046645     
  0.40816368690173910     
  0.46590830530846677     
  0.44459390091132284     
  0.43621056015486004     
  0.42568946460531409     
  0.41342876917794508     
  0.40777663258636676     
  0.40740818522603223     
  0.40296990536207866     
  0.40673908889324561     
  0.40489734576316022     
  0.40112756083025330     
  0.40198184552837157     
  0.39611267797184169     
  0.39589655324817585     
  0.39253201465469434     
  0.39491076207566095     
  0.39320894651510241     
  0.39419813101301426     
  0.39283949816710850     
  0.39115854262186323     
  0.39196093375417329     
  0.39410221318076616     
  0.39642575968146027     
  0.39697562518688995     
  0.39544773029348618     
  0.56216864870532512     
  0.52090584704927956     
  0.47928317819980731     
  0.45661026506014640     
  0.43689106841935077     
  0.43189748063344335     
  0.42213648141614746     
  0.41139109252172396     
   8.2508051884250388     
   6.8577064197616622     
   5.0514450039730479     
   3.7325615052033263     
   2.8187804767863405     
   2.1513673736175707     
   1.6584782060008265     
   1.3054438003122475     
   1.0484755376889652     
  0.86033329589019236     
  0.72332925074322507     
  0.62870806512960764     
  0.55928903941321539     
  0.51550601638680960     
  0.47516373836744114     
  0.44978750664051120     
  0.43642773150780301     
  0.42349992015481180     
  0.41229098710525997     
  0.40617320802195317     
  0.40392045266727322     
  0.40108243744681576     
  0.39701070208320921     
  0.39553091574931615     
  0.39541023157501487     
  0.39524924366605813     
  0.39843649352740329     
  0.39993747260688378     
  0.39774603593750918     
  0.39463339391307928     
  0.39399678496354085     
  0.39534066000563450     
  0.39532915716248018     
  0.40157961677211607     
  0.40113860265288892     
  0.40056320350259156     
  0.39829963121346607     
  0.39503871144462627     
  0.39422506458908763     
  0.39273920046987798     
  0.39739414531334089     
  0.39427493880436709     
  0.39336313759138442     
  0.39397632640843377     
  0.39426314723622019     
  0.39219998722008448     
  0.39276130288765176     
  0.67908340102289766     
  0.59874504473376178     
  0.53818872917635607     
  0.49666999324278532     
  0.47003756822059944     
  0.44650615636399948     
  0.43105649002149049     
  0.41897262537453128     
  0.41492673646999911     
  0.40523069869379608     
  0.40165386843932677     
  0.39897905565028380     
  0.39653254332380655     
  0.43556110392495667     
  0.42317502305350296     
  0.41077916428727790     
  0.40536050616815705     
  0.40124067571444433     
  0.39877571581498261     
  0.39938696208072849     
  0.39872783719321958     
  0.39924070975077924     
  0.39829217138703521     
  0.39798505198967571     
  0.39649279626029166     
  0.39474978238256553     
  0.39641521856030271     
  0.39496461195829807     
  0.39474572158248417     
  0.39616315277467135     
  0.39557164665766914     
  0.39597189924005571     
  0.39786212849903951     
  0.39320752817664728     
  0.39359534165728105     
  0.39165818225523569     
  0.39203315220573892     
  0.39218560051621004     
  0.39234220945485732     
  0.39317650056347558     
  0.39355511654543079     
  0.39353509838195339     
  0.39320777776477822     
  0.39372478489595103     
  0.39518263108253926     
  0.39395084308093176     
  0.39536829033385029     
  0.39411110338303396     
  0.39454449866047542     
  0.39348233387430637     
  0.39261036197498506     
  0.39286838226251430     
  0.39140436467328127     
  0.39367193855684035     
  0.39418961590712426     
  0.39306053090150245     
  0.39306896779211070     
  0.39381669397071545     
  0.39224529283425513     
  0.39297324457339206     
  0.38984479109287368     
  0.38945858451836807     
  0.39096519144984060     
  0.39262951500258875     
  0.39113147016632094     
  0.39231292850976890     
  0.39503632955911988     
  0.39475379305148173     
  0.39025268928905921     
  0.38973705473328141     
  0.39266577203103820     
  0.39367730369937703     
  0.39163771331853986     
  0.39418229223697721     
  0.39376645176598657     
  0.39609400160467373     
  0.39754361618446660     
  0.39626518978847597     
  0.39720123095269022     
  0.39854991672582712     
  0.39671294042284577     
  0.39792156828803643     
  0.39730576073563506     
  0.39427753900510187     
  0.39367534242444074     
  0.39831000054716276     
  0.40459724883444143     
  0.40270777420502007     
  0.40213042037689661     
  0.39719535799769490     
  0.39752190214481647     
  0.39736824126999803     
  0.39576554891737054     
  0.39451529245156619     
  0.39327648235064766     
  0.39459296060779475     
  0.39791855330809567     
  0.39989895293144279     
  0.39847128592404646     
  0.39655643437745391     
  0.39660276205868983     
  0.39957113159828256     
  0.39527635513423043     
  0.39374782655804613     
  0.39668972399608649     
  0.39321201538584338     
  0.39131995788048823     
  0.39246616770984150     
  0.39306316665690921     
  0.39719974244545120     
  0.39495924933576460     
  0.39562378552375399     
  0.40348819820109971     
  0.40160959657193579     
  0.39693737182245681     
  0.39608614196876057     
  0.39522094201276681     
  0.39495144883620492     
  0.39596374617659463     
  0.39677879285975765     
  0.39553967240322779     
  0.39712976977211945     
  0.39677937144951009     
  0.39585384963446790     
  0.39345282374485668     
  0.39277762753009710     
  0.39369348323068148     
  0.39378012195433870     
  0.39616138951468644     
  0.39490874257758946     
  0.39692200517450255     
  0.39735638857549155     
  0.39867944787531701     
  0.39913160177527296     
  0.39798249717887196     
  0.39762835616198783     
  0.39536109187650176     
  0.39499380979034382     
  0.39385679119923361     
  0.39323522503018565     
  0.39224781779402318     
  0.39409378283401236     
  0.40361867337571072     
  0.39976951429305213     
  0.39573236670283563     
  0.39478326955090021     
  0.39572456848686771     
  0.39550175613238664     
  0.39760951132985722     
  0.39765511316236823     
  0.39570103830901837     
  0.39415939320586757     
  0.39383411905913551     
  0.39288043557108937     
  0.39331318842028989     
  0.39300957393455360     
  0.39257976153258267     
  0.39267135264878295     
  0.39531435356584266     
  0.39623709676949165     
  0.39737659073708692     
  0.39669269280316150     
  0.39556854443027029     
  0.39606925030973916     
  0.39546510655078665     
  0.39530804788880586     
  0.39414747375582726     
  0.39499420984910338     
  0.39317413152818975     
  0.39202352865951307     
  0.39261743742549382     
  0.39416516050913425     
  0.39340603409592068     
  0.39156497544578933     
  0.39428623981631239     
  0.40001845499467586     
  0.39763828124555983     
  0.39537824035599378     
  0.39529722840331238     
  0.39457381196058922     
  0.39999212745174784     
  0.39778694355159799     
  0.39814640167658139     
  0.39722975896226614     
  0.39563989964174567     
  0.39544181068822853     
  0.39480363251441791     
  0.39367050558732797     
  0.39558813733592030     
  0.39585700379786559     
  0.39456541135278944     
  0.39410092925833984     
  0.39723170329855884     
  0.39666822293117626     
  0.39576335320354333     
  0.39531645662616571     
  0.39540797756229490     
  0.39524971811537107     
  0.39594060603080372     
  0.39952959962095286     
  0.39612351474465951     
  0.39494984859133336     
  0.39498842034581366     
  0.39661378328813673     
  0.56943576509510019     
  0.52326037784745882     
  0.48487314637357626     
  0.45954821810078705     
  0.43931788046711906     
  0.42464360631878451     
  0.41654395310949943     
  0.40661477962029380     
  0.40196511671224505     
  0.39973478933863510     
  0.40464257157647920     
  0.40110095947310026     
  0.39962532560977188     
  0.39785637058526835     
  0.39646704161967855     
  0.39225776560294917     
  0.39383037099864954     
  0.39720001326351384     
  0.39566112994800129     
  0.39983055340138518     
  0.39936886681289568     
  0.39773355260686394     
  0.39703962640223922     
  0.39605298108154413     
  0.40205470030023327     
  0.40042290782792761     
  0.40117915231174012     
  0.40133104369712830     
  0.40052685893187889     
  0.39807717184839841     
  0.39852874730691717     
  0.39939977916528102     
  0.39948145100781823     
  0.39896265701998018     
  0.39985926701419366     
  0.39678938847795481     
  0.39372466990128435     
  0.39328511727966203     
  0.39361716467980373     
  0.39305487687215535     
  0.39242945951450686     
  0.39115184983520379     
  0.39405856566792852     
  0.39604685367025783     
  0.39652286551181293     
  0.40728305874007292     
  0.40383510414191842     
  0.39901084579165169     
  0.40372315430285910     
  0.41801094043375298     
  0.40952695618197588     
  0.40527451027954259     
  0.40095055968905718     
  0.39882649252635732     
  0.39951830780943709     
  0.40146927975686059     
  0.39847344726704337     
  0.39848473788542393     
  0.40128126904713607     
  0.39901577438643909     
  0.39609474079492446     
  0.39468795130034501     
  0.39530780067832644     
  0.39873154133569100     
  0.39714183907889894     
  0.39827397589435098     
  0.39792502688616649     
  0.39823062399423714     
  0.39676520714011665     
  0.40107135554230072     
  0.39717322658388260     
  0.39601962679210151     
  0.39545032689911613     
  0.39489681122252435     
  0.39367737609186759     
  0.39316013508108538     
  0.39498384253356605     
  0.41693469660471139     
  0.41203881243209561     
  0.40492523625806359     
  0.40071445910367437     
  0.40061276659220041     
  0.40091495639552926     
  0.39823128716068684     
  0.39608145595203054     
  0.39838520571927227     
  0.39779806817919777     
  0.39578729429756671     
  0.39628658990397642     
  0.39418312735080974     
  0.39322444053074285     
  0.39566501252383190     
  0.39613948131020571     
  0.39655917390703588     
  0.39845481991216936     
  0.39526960413683143     
  0.39572678854939825     
  0.39460670174924600     
  0.39379328215593351     
  0.39335276419203452     
  0.39097039499828123     
  0.39090598335034232     
  0.39145891243932612     
  0.39715348258890260     
  0.39564837216781529     
  0.39269551921559898     
  0.39101301209050043     
  0.39643369738430645     
  0.39339088553059653     
  0.39478850927006004     
  0.39452720862621260     
  0.39435640182845960     
  0.39408362815036130     
  0.39267945998003090     
  0.39227446364322943     
  0.39510136710338467     
  0.39310538684599466     
  0.39429757258083498     
  0.39373788159213863     
  0.39410620415764369     
  0.39396776595261657     
  0.38902777055558568     
  0.38902226076381047     
  0.39590991998410469     
  0.39362987280132994     
  0.39421957345463932     
  0.39479082284029510     
  0.39739531796277261     
  0.39630634987039765     
  0.39464982123237718     
  0.39705836709744557     
  0.39525399814231399     
  0.39409832144154167     
  0.39296820017288492     
  0.39473794841222137     
  0.39515429822997289     
  0.39463087123474061     
  0.39488575892549371     
  0.39282192787069597     
  0.39064620601331185     
  0.39328279086533069     
  0.39661168264467239     
  0.39802149744562887     
  0.39552266885582377     
  0.39686173168445071     
  0.39577187305991063     
  0.39546160068132885     
  0.39123687804243545     
  0.39140370631375548     
  0.39101073578761664     
  0.38998322072166164     
  0.40321628755951461     
  0.39956612593265500     
  0.39886892752230929     
  0.39532860685012106     
  0.39650501133445809     
  0.39811005991733295     
  0.39624212271641979     
  0.39575940844755148     
  0.39583365964397355     
  0.39357290006540413     
  0.39485502888023799     
  0.39495931984645921     
  0.39566136597765222     
  0.39647212257241676     
  0.39630287177688128     
  0.39493472380778122     
  0.39412010059826991     
  0.39449076010981921     
  0.39272813713205484     
  0.39328547828118898     
  0.39307455961933757     
  0.39442260426949360     
  0.40159194635180889     
  0.39945614108848082     
  0.39879701339272244     
  0.40074297863169256     
  0.39821132859395386     
  0.40067892293170043     
  0.40009707382469062     
  0.39764896440785891     
  0.39292604300912098     
  0.39291709469682390     
  0.39138972057775623     
  0.39145562130652267     
  0.39429249550448620     
  0.39456080175268665     
  0.39364350202343706     
  0.39563226634529819     
  0.39784047354373858     
  0.39511371070390311     
  0.39681161933601178     
  0.39438101885945792     
  0.39781360554329509     
  0.39413780379598395     
  0.39423350262529039     
  0.39733043212660574     
  0.39663598843147047     
  0.39472123559945910     
  0.39449849240753865     
  0.39346840852500609     
  0.39721537569689674     
  0.39756872814172056     
  0.39885984639290140     
  0.39933419496500111     
  0.39938627240780883     
  0.40169323783519872     
  0.40163029980461451     
  0.39905145933537334     
  0.39583725238599149     
  0.39445025153837016     
  0.39238931341622946     
  0.39340865206237202     
  0.39273341090961861     
  0.39206382230059927     
  0.39955209366677108     
  0.39578281463472964     
  0.39869427158626292     
  0.39777041067173130     
  0.39987110476125148     
  0.39637642201376594     
  0.39369430147465090     
  0.39452912705273152     
  0.39563388686604339     
  0.39603050058374012     
  0.39567412609271702     
  0.39438602854193711     
  0.39375010807687832     
  0.40316262197912178     
  0.39649643142685298     
  0.40064793258900350     
  0.39968920440659439     
  0.39777907483383940     
  0.39503580894096235     
  0.39589480803904836     
  0.39484403844825938     
  0.39272383406884237     
  0.39341453601603266     
  0.39405796019609085     
  0.39698249929577184     
  0.39748729606286609     
  0.39812511230289233     
  0.39649286354335006     
  0.39657988829775132     
  0.39729787319449494     
  0.39791946239784476     
  0.40270800577384447     
  0.39918804633911315     
  0.39784610491658806     
  0.39463094871582366     
  0.39820384224640620     
  0.39863200366413648     
  0.39618210288387490     
  0.39492246384756363     
  0.39475325396539729     
  0.39590381465109425     
  0.39434487219160747     
  0.39468298470684682     
  0.39401939230461880     
  0.39406113095443518     
  0.39236203949122295     
  0.39405068511574726     
  0.40013072080047674     
  0.40187778783083589     
  0.40025523471085334     
  0.40093745655111696     
  0.39804670920854962     
  0.39935720928570700     
  0.39745203441530835     
  0.39829016173760690     
  0.39619716621864481     
  0.39631371193435699     
  0.39489648647304360     
  0.39732025224157752     
  0.39966101250576536     
  0.39792704963482656     
  0.39483699875923345     
  0.39474483957865802     
  0.39359919482855865     
  0.39507702720855609     
  0.39637484419449964     
  0.39441598674122230     
  0.39448077883112093     
  0.39682448240096346     
  0.39621996701709916     
  0.39534348226678617     
  0.39553252885253415     
  0.39435219816979139     
  0.39472556910080392     
  0.39410387448709672     
  0.39475914137957341     
  0.39713990627665846     
  0.39697528744267102     
  0.39528591316375172     
  0.39590210922905444     
  0.39603849407054115     
  0.39570851360187076     
  0.39618230114805125     
  0.39639869739243144     
  0.39816595216658801     
  0.39716761497223546     
  0.40127525783493295     
  0.39857412962184618     
  0.39860840388850227     
  0.40029129435075800     
  0.39858959908189928     
  0.39849350679661888     
  0.39798501167701894     
  0.39522112518680697     
  0.39515621692126257     
  0.39525442538647987     
  0.39336054809179039     
  0.39530310427426402     
  0.39659412266978211     
  0.39569223689650590     
  0.39737794201871957     
  0.39470424346363236     
  0.39603596892144249     
  0.39330157894966705     
  0.39509174354557686     
  0.39310984787120373     
  0.39158054965750094     
  0.39192964182570006     
  0.39628036693567931     
  0.39535299906995147     
  0.39575081794836847     
  0.39556838746276435     
  0.39512629560124790     
  0.39552857803392083     
  0.39616631493156140     
  0.39589221152385845     
  0.39556342620426044     
  0.39414006874953023     
  0.39563929530057201     
  0.39392167460881800     
  0.39791012332390685     
  0.39692355678803870     
  0.39566476200481837     
  0.39459582825405548     
  0.39458542876493419     
  0.39527189572761207     
  0.39451330632061404     
  0.39263397028715824     
  0.39349982905597836     
  0.39548320263229392     
  0.39491422342011140     
  0.39512121665876410     
  0.39578543779419489     
  0.39602250968810632     
  0.39637298103913143     
  0.39760697758651448     
  0.39798498747722572     
  0.39867791327362212     
  0.39812187551835670     
  0.39642279920654433     
  0.39770265766959551     
  0.39884070653440590     
  0.39738026332122817     
  0.39756864558775157     
  0.39618042499035694     
  0.39635122698406400     
  0.39700746207620130     
  0.39454523921825208     
  0.39483525777093637     
  0.39538500207198696     
  0.39648143570670902     
  0.39555933391893328     
  0.39621619235146460     
  0.39552696463994824     
  0.39650713778935870     
  0.39927311395719967     
  0.39512543918618798     
  0.39572110201762983     
  0.39490942801039591     
  0.39516213433923281     
  0.39495264861417712     
  0.39359403557140360     
  0.39368670221509866     
  0.39498421555700286     
  0.39449498893279195     
  0.39514985054267820     
  0.39562670994605742     
  0.39533382157377489     
  0.39667639232964708     
  0.39665737975330684     
  0.39645566612187411     
  0.39561471021663974     
  0.39562374571194125     
  0.39588820456746537     
  0.39470804460924824     
  0.40042497954169298     
  0.39856789741483939     
  0.40017794030026038     
  0.39994794679364126     
  0.39705915590445712     
  0.39481492127594547     
  0.39317506808137781     
  0.39355418250972646     
  0.39229508413629283     
  0.39307988206186245     
  0.39616854069465740     
  0.39505677951345569     
  0.39332135245396932     
  0.40011480972155616     
  0.39745755519663395     
  0.43004872798996491     
  0.42224631979163085     
  0.41381685883991765     
  0.40747684157631214     
  0.40288745767516754     
  0.40400004102699316     
  0.39998910028785173     
  0.39980260812287821     
  0.39763447971199622     
  0.39865848061612880     
  0.39428464668091817     
  0.39262791756030530     
  0.39300821735757591     
  0.39267147321448059     
  0.39081206028457982     
  0.39179766372729879     
   2.6818918963328944     
   2.0257446832432389     
   1.5630132461402515     
   1.2367311192921979     
  0.99614781394891472     
  0.82649932581770635     
  0.70026027711554562     
  0.61583160119393188     
  0.55614600453153551     
  0.52074028871502476     
  0.48191117796016680     
  0.45301220062244246     
  0.43523563961424599     
  0.42180328142891543     
  0.41474016441269684     
  0.40763371999510234     
  0.40395833670404313     
  0.40402380347324862     
  0.42029224676598764     
  0.41362813034180412     
  0.40554950781864457     
  0.40540096583588137     
  0.40115396276999810     
  0.40661643647735679     
  0.40425650013612097     
  0.39794814444660576     
  0.39539087696710867     
  0.39677895911815442     
  0.39563184614866731     
  0.40203282812219321     
  0.40541048069629837     
  0.40050369919703838     
  0.39987173633430551     
  0.40064345389272316     
  0.40078104082086968     
  0.39859157279443880     
  0.39611838846054537     
  0.39509390998200489     
  0.39790287668237956     
  0.39517370347755976     
  0.39762563677141655     
  0.39485534526376809     
  0.39600767737276843     
  0.39465225481270189     
  0.39353945229554615     
  0.39525707470557897     
  0.39605095162733522     
  0.39844892941637022     
  0.39918223609779868     
  0.39554841264012192     
   1.0928952374821026     
  0.89818301897199815     
  0.76133678325061660     
  0.65360633366609855     
  0.57921717000067552     
  0.52780268069284908     
  0.48878663613077616     
  0.47922086053985369     
  0.45408112270488316     
  0.44524506596180496     
  0.43143083098802321     
  0.41714578185044293     
  0.40674862394516659     
  0.40337392948464024     
  0.39857463636205931     
  0.39765350810286748     
  0.39859212080886691     
  0.39874047841017651     
  0.39698686979573383     
  0.39520105095713232     
  0.39461543468842475     
  0.39627828664103554     
  0.39498274148403956     
  0.39398268825709237     
  0.39436679669348590     
  0.39406638752591905     
  0.39593327717115334     
  0.39410043245338511     
  0.39230239802675498     
  0.39076761918149444     
  0.39239228450519481     
  0.39461411736530777     
  0.95429698557933007     
  0.80477816521529011     
  0.67603004115513499     
  0.59239331240176818     
  0.60043284731759594     
  0.53945226503224353     
  0.53097595319744029     
  0.49140520906816465     
  0.46293025662025322     
  0.43922126259738747     
  0.42776431053032593     
  0.41806189595662746     
  0.42005933950798652     
  0.41262265698369288     
  0.40544766592031084     
  0.40010283634543387     
  0.39728757267997206     
  0.39782574429388701     
  0.39663597384478400     
  0.39475162357369070     
  0.39581387580240002     
  0.39364000836939117     
  0.39443721713072744     
  0.39611411657809037     
  0.39942287229998269     
  0.39677912945978899     
  0.39678396399436477     
  0.39694314039893552     
  0.39684402037014666     
  0.39647322639711685     
  0.39879652437097762     
  0.39738308327755811     
  0.39443387857794127     
  0.39376065053333886     
  0.39547054703994022     
  0.39539244488705050     
  0.39586042632343443     
  0.39612363465380812     
  0.39704920327056936     
  0.39534515629541717     
  0.39688144365684452     
  0.39558914380617033     
  0.39364864359179302     
  0.39457960452586299     
  0.39476471935433455     
  0.39773049246271386     
  0.40174867113038765     
  0.40080936513588455     
  0.39926476911688158     
  0.39922900314523241     
  0.39631823751822365     
  0.40533253767291716     
  0.40290063933185033     
  0.39998144959875426     
  0.40605543641257585     
  0.40286603662364667     
  0.39889013014273705     
  0.39398691191641649     
  0.39301020588332508     
  0.39529320264091339     
  0.39733625412217255     
  0.39608441079518025     
  0.39444665399161560     
  0.39539500925585147     
  0.39796841290806401     
  0.39588764335155707     
  0.39577738792589345     
  0.39553812847114761     
  0.39441677119489682     
  0.39508494797640081     
  0.39455855206315010     
  0.39817841851536806     
  0.39563229741847389     
  0.39301611626636135     
  0.39234103740510190     
  0.40087524708054040     
  0.39711271942049514     
  0.39558694607062428     
  0.39609403277688010     
  0.39562569251994850     
  0.39485302833084018     
  0.39571368141208668     
  0.39421127944007878     
  0.39321083215580588     
  0.40680842962543118     
  0.40059746626205756     
  0.39885011171745960     
  0.39869395265845031     
  0.39683625000066419     
  0.39515692014395570     
  0.39619311683288500     
  0.39582146476150937     
  0.39572068130046029     
  0.39432057150718031     
  0.39908015399432772     
  0.39505887138205914     
  0.40016970154551407     
  0.40008214014797955     
   381.44112603507597     
   274.76492743011607     
   199.43364181997723     
   142.76378650084592     
   102.30147569979954     
   74.362307160373717     
   53.768379796253136     
   38.902937454531568     
   27.925968382993197     
   20.197680375384969     
   14.620867310610912     
   10.549530026365559     
   7.7327176940583726     
   5.6509099701661567     
   4.2195151362199681     
   3.1741124687469537     
   2.3894372318624497     
   1.8405883242230614     
   1.4276547081923008     
   1.1384226624185161     
  0.93710279350846615     
  0.78937983385948995     
  0.67766155236277048     
  0.59355085186641643     
  0.53166428189657955     
  0.49398161948880615     
  0.46774574757356174     
  0.44994118307422099     
  0.43061757837077369     
  0.41829747052155658     
