  0.30256581119050935     
  0.30213997327897291     
  0.30005024366069366     
  0.29929809851331157     
  0.30143502604043504     
  0.30262988392387979     
  0.30349197364706731     
  0.30213485934547502     
  0.30073383516254465     
  0.29985424015577694     
  0.29779427110219669     
  0.29972777594396754     
  0.30061499490216581     
  0.30158100200389659     
  0.29983378976977954     
  0.29988888382298418     
  0.29868541602806259     
  0.29685808622422444     
  0.29702259035828188     
  0.29973658250104263     
  0.30088722610948981     
  0.30138758116992120     
  0.30059179996845703     
  0.29905666090021238     
  0.29891685761023384     
  0.30039512241185384     
  0.29854375779649073     
  0.29780817447676500     
  0.29900116151230605     
  0.29965146529525377     
  0.29896603330374782     
  0.29925427355831408     
  0.30138693473150063     
  0.30292885323831975     
  0.30305208114544518     
  0.30342415629041769     
  0.30434448378195628     
  0.30520349341610442     
  0.30545505686458996     
  0.30533037664040497     
  0.30612120773789597     
  0.30636663497655531     
  0.30708013745773050     
  0.30604735023086532     
  0.30588136060774057     
  0.30313583558170815     
  0.30389677353628480     
  0.30399301094436909     
  0.30389547386397109     
  0.30428955141534919     
  0.30270843693802069     
  0.30097738062703749     
  0.29930144670118675     
  0.29806665157859513     
  0.29935358241148541     
  0.29959923343620742     
  0.29989384374552780     
  0.29887918072367786     
  0.30024607898912209     
  0.29757912074049642     
  0.29965450899484924     
  0.29798930804837021     
  0.29703825340572715     
  0.29898920476745178     
  0.29832458700784076     
  0.29813179782285226     
  0.29836632554189785     
  0.29926999941620636     
  0.30046197236166372     
  0.30058573247670345     
  0.30193489766506415     
  0.30148530562108605     
  0.30088753588465644     
  0.30225983904759623     
  0.30036183486759205     
  0.29914596615134004     
  0.30180134348293725     
  0.30201331709315704     
  0.30232392534147434     
  0.30202157802929241     
  0.30280641314627105     
  0.30173037081934462     
  0.30352904093539251     
  0.30255535857502386     
  0.30222376391115874     
  0.30333427909058824     
  0.30152210260467149     
  0.30116880539351709     
  0.30102902535840625     
  0.30102013863372951     
  0.30240742682965055     
  0.30102415557474088     
  0.30165094944726362     
  0.30249199544638711     
  0.30285973333731642     
  0.30117416876313113     
  0.30207013909934455     
  0.30145755501910154     
  0.30103891973649288     
  0.30154565316262599     
  0.30186108148904400     
  0.30240689359216061     
  0.30431584924877220     
  0.30309544610635358     
  0.30290080447561296     
  0.30208989141144627     
  0.29969841160852057     
  0.29839027669777934     
  0.29681715167657180     
  0.29662303929869632     
  0.29659093903092038     
  0.29711817901018700     
  0.29816766698704322     
  0.29890554339039666     
  0.30059101640399027     
  0.30008910492350838     
  0.30024432634606091     
  0.30096551222471646     
  0.29779109330587022     
  0.29849869599620388     
  0.29876659803746813     
  0.30169419012398047     
  0.30148428774337666     
  0.29975421776759514     
  0.30049381302256678     
  0.30146218144753528     
  0.30189608812830715     
  0.30085838742277216     
  0.30099648535925866     
  0.30017612526181442     
  0.30000851411299989     
  0.30105538453149555     
  0.30067527103079866     
  0.30232087138569758     
  0.30355946678593254     
  0.30405039151285268     
  0.30384481380061346     
  0.30170338823495207     
  0.30047013786840154     
  0.30125347722213081     
  0.30084374557107929     
  0.30020333130331145     
  0.30235661967917887     
  0.30135315058957546     
  0.30189461057023581     
  0.29907156368351823     
  0.29994686939679160     
  0.29974083943790375     
  0.30129663923762018     
  0.30171582642357003     
  0.30070809590241099     
  0.30195092629509973     
  0.30339014958161559     
  0.30392724406539640     
  0.30323225332538428     
  0.30169208028190886     
  0.30284278647010998     
  0.30118305611425600     
  0.30296784659380477     
  0.30195713240053812     
  0.30136456722675420     
  0.30193594982934968     
  0.30058682147271215     
  0.30063197494911215     
  0.30041302701249056     
  0.29925567359642558     
  0.29961477976498513     
  0.29807361553938277     
  0.29814138185255423     
  0.29929693158745824     
  0.29827744983714743     
  0.29880536910537270     
  0.29977589071427785     
  0.29903420162228889     
  0.29914734103810658     
  0.29889646910827361     
  0.29873269623511667     
  0.29918759497140390     
  0.29982919648081535     
  0.29782629651101095     
  0.30039229696930914     
  0.29999876160666228     
  0.30282540009773029     
  0.30001510998841341     
  0.29842019622069210     
  0.29815604447493582     
  0.29844471644182868     
  0.29970229453299047     
  0.29848528896184040     
  0.30147184495138740     
  0.30109981684836495     
  0.30248331506916132     
  0.30207856559488089     
  0.30098836938919732     
  0.30240062349760055     
  0.30299439479785767     
  0.30397939737362439     
  0.30370726479784788     
  0.30489205724168228     
  0.30501421916427923     
  0.30541918854819455     
  0.30492425299424480     
  0.30558911023198554     
  0.30496702480573229     
  0.30408237848916408     
  0.30365836427544934     
  0.30365561859562357     
  0.30046888703851804     
  0.30118862869473123     
  0.30048280174159631     
  0.30023905771220638     
  0.30048629359073414     
  0.30007037976471518     
  0.30043548791770019     
  0.29938739112574109     
  0.29771578974599316     
  0.29803429849997837     
  0.29980187995214996     
  0.29928112012001606     
  0.29986456820030749     
  0.30093631408396887     
  0.30022303417899232     
  0.30082824065387365     
  0.30125072122512819     
  0.30131849717888065     
  0.30163781515605864     
  0.30215013597857981     
  0.30208303253066870     
  0.30199304962540746     
  0.30135937595943196     
  0.29953207766204598     
  0.29911470514567917     
  0.30126492632951296     
  0.30006132656429402     
  0.29799367173046387     
  0.29794773008237674     
  0.29906380005631816     
  0.29909778416609378     
  0.30008617645940189     
  0.29990672734318030     
  0.30007303797030199     
  0.29928432057532128     
  0.29982372666017676     
  0.29938277156011861     
  0.30047842049872459     
  0.30140449170431183     
  0.30210029541395467     
  0.30052867455368631     
  0.30253690716127574     
  0.30457980367157517     
  0.30220664989254276     
  0.30310973790690648     
  0.30289990656591248     
  0.30447066740366441     
  0.30343697239799361     
  0.30292372295845216     
  0.30226998975944552     
  0.30215877783068473     
  0.30057351456932763     
  0.29911891989591366     
  0.29943629632642277     
  0.30152442199999058     
  0.30318157825858710     
  0.30453587779816527     
  0.30133650301607207     
  0.30077051326293336     
  0.30029033497193747     
  0.29884695995128074     
  0.30065054840690875     
  0.30044934561677983     
  0.29957616993233344     
  0.29924838152578198     
  0.29973966364514509     
  0.29870466399316481     
  0.30040380843942260     
  0.30013457720772352     
  0.29950708790066610     
  0.30118286071938799     
  0.30314848162027808     
  0.30198929191657220     
  0.30068086779495251     
  0.30136509291557595     
  0.30048890331438249     
  0.29949706488739136     
  0.29921809045467951     
  0.30003943114528653     
  0.29980943005570976     
  0.30318915928084161     
  0.30362106531249000     
  0.30310575611355256     
  0.30248072026942596     
  0.30248445476909075     
  0.29998494819659893     
  0.29987455674093266     
  0.29969522733572240     
  0.29970151750246971     
  0.29880172223436863     
  0.30084673750638585     
  0.29999296262276165     
  0.29978936780833426     
  0.30069386375104923     
  0.30228436959694588     
  0.30305496646074720     
  0.30004233068843605     
  0.30040340039195501     
  0.29975184771349028     
  0.29958368497773663     
  0.29671298692939330     
  0.29910157617013705     
  0.30085041345947666     
  0.30199608231237629     
  0.30070780855513918     
  0.30063944182923996     
  0.30251428752966975     
  0.29995295521542226     
  0.30026154061851851     
  0.29873269047098849     
  0.29889104212603473     
  0.30022680357536574     
  0.29909299644410436     
  0.29917808843000698     
  0.29801361689423983     
  0.29898269263864996     
  0.29822568712552872     
  0.29930284475839680     
  0.30083521787636286     
  0.30136301821025197     
  0.30122257638058919     
  0.30043042778719770     
  0.29963212348364587     
  0.30006476747003147     
  0.30166103959033047     
  0.30060679752326191     
  0.30130291285598554     
  0.30075292256792319     
  0.30147682825618072     
  0.29990702541139735     
  0.29883201222434280     
  0.29890830587872552     
  0.30030305712565669     
  0.30129571516311215     
  0.30131481362897788     
  0.30194686426804168     
  0.30134291814836378     
  0.30215826114068334     
  0.29968532848390134     
  0.30131736818599469     
  0.30020691376047720     
  0.30088259192260131     
  0.30043843336865095     
  0.29958863971407818     
  0.29862659812177073     
  0.30039362420583160     
  0.30352366515285756     
  0.30187340678175978     
  0.30099994159363019     
  0.30202110739830723     
  0.30115030388123243     
  0.30232606276247093     
  0.30131265779439109     
  0.30175488903913134     
  0.30201692694748083     
  0.30063088252770692     
  0.30061256488226806     
  0.30118473668929974     
  0.30101007474168201     
  0.30038826586209094     
  0.29926779420552657     
  0.29921649871137268     
  0.29942152418584994     
  0.29930340789856247     
  0.30074881711989865     
  0.29997919945255525     
  0.30073176694824266     
  0.30118801720934213     
  0.30060883661099258     
  0.29961609884136914     
  0.30121999440041303     
  0.30036547824738791     
  0.29944520126965185     
  0.29995303948459667     
  0.29845643424369622     
  0.29918492541381025     
  0.30203214244448073     
  0.30169642206781250     
  0.30146539058658012     
  0.30169046042043096     
  0.29891252865023765     
  0.29940233803126121     
  0.30159645284851783     
  0.30093307475304615     
  0.29851550699954010     
  0.29738941004024977     
  0.29607836520363007     
  0.29655047419665326     
  0.29702815366015700     
  0.29801304536119749     
  0.29880576901310602     
  0.29902930889807150     
  0.29796048199067388     
  0.29797098424719970     
  0.29924892245729806     
  0.29711737309394304     
  0.29879819339581182     
  0.29784003504877837     
  0.29954369540129833     
  0.29894459434438858     
  0.29840678281369032     
  0.29634289715488843     
  0.29799820206430300     
  0.29870868830749148     
  0.29938283463627635     
  0.29947793939343709     
  0.29943333826179047     
  0.29878268723997764     
  0.29971796245705207     
  0.30195051487479507     
  0.30172851326909195     
  0.30073484066970041     
  0.30078812300959606     
  0.30172257504791405     
  0.30342965004314382     
  0.30182575590131927     
  0.30090583208018551     
  0.30077526235938473     
  0.30141535138036246     
  0.30203073203130093     
  0.29939502109182731     
  0.30016875376452989     
  0.30080825214678231     
  0.29936555527145364     
  0.29984840857707651     
  0.30059084736817321     
  0.30335557207285097     
  0.30264687140152263     
  0.30287793033468174     
  0.30340983967811919     
  0.30426301627804242     
  0.30366747646021258     
  0.30339784216594085     
  0.30191783708243253     
  0.30211008668645267     
  0.30258350068615042     
  0.30157712842335654     
  0.30387971477700582     
  0.30230310026131102     
  0.30085301527598779     
  0.30151902312956369     
  0.30327919113092067     
  0.30508551878164053     
  0.30352641163433863     
  0.30223021844553033     
  0.30286028634017126     
  0.30233125143259637     
  0.30428217779499833     
  0.30262050256991518     
  0.30254183099857590     
  0.29976731619117608     
  0.30182167829069184     
  0.30217741526308634     
  0.30342755656042236     
  0.30261369777964925     
  0.30380348354878484     
  0.30336590767235178     
  0.30222667374413059     
  0.30326805889979608     
  0.30136560779703325     
  0.30203363850442072     
  0.30204617487057933     
  0.30022558197633387     
  0.30054723104796832     
  0.30163313281821963     
  0.30220393991104150     
  0.30292109623429475     
  0.30063269618392924     
  0.30005109860175067     
  0.30005547961684204     
  0.29947456188467425     
  0.30109266927482242     
  0.29995980939123923     
  0.29664345085160493     
  0.29769710007955280     
  0.30049795684600694     
  0.30127190148855265     
  0.30291888745200479     
  0.30324328960492369     
  0.30073646692283995     
  0.30112943648943291     
  0.30098869966255043     
  0.30010695556522365     
  0.30022980157361639     
  0.30119987557082667     
  0.30055756190559058     
  0.30210613610474374     
  0.29977008109245540     
  0.30027469925147038     
  0.30020266820294755     
  0.29922405183009260     
  0.30206434679792138     
  0.30365112344044470     
  0.30250969444989911     
  0.30082978465131149     
  0.30314562284229124     
  0.30339337236358654     
  0.30290686450591331     
  0.30095704279771768     
  0.30190563025647549     
  0.30352126303568400     
  0.30453496518056222     
  0.30341823984100036     
  0.30197986607218541     
  0.30166784289162124     
  0.30251209943527851     
  0.30345629096531551     
  0.30117191228482137     
  0.30190649374521400     
  0.30201681578299289     
  0.30116638167847298     
  0.29915174753903057     
  0.29713382327889665     
  0.29930852609599679     
  0.30074156623000209     
  0.30013563968644613     
  0.30055923271599094     
  0.29993351048009720     
  0.30196139797003041     
  0.30278495084745594     
  0.30321998611834750     
  0.30180902653250208     
  0.30219460892958028     
  0.29968508405297106     
  0.30113915235823513     
  0.29986792294659448     
  0.30040584374507939     
  0.30021257834865644     
  0.30004331806655599     
  0.30026528137343705     
  0.29981471722684533     
  0.30037572193056705     
  0.30219076082183455     
  0.29985512311519286     
  0.29952609533397312     
  0.29989521771241717     
  0.29990051471381396     
  0.30150502291861647     
  0.30143726076499350     
  0.30037904968277340     
  0.30120406388464138     
  0.30130875348961739     
  0.30144789002152927     
  0.30069196862782577     
  0.30009520474638640     
  0.30111338753190320     
  0.29936890228956736     
  0.29831193469308670     
  0.29960498111439215     
  0.29800954638453975     
  0.30065017696050578     
  0.30171945418808621     
  0.30317009936056505     
  0.30268764405514165     
  0.30247709976238313     
  0.30415687661883734     
  0.30422765097248150     
  0.30188688645889772     
  0.30171263627153100     
  0.30201733124321117     
  0.30169041881969733     
  0.30014418607329452     
  0.29790620916643762     
  0.29709784214487900     
  0.29711674959969075     
  0.29726109475870094     
  0.29872058499590037     
  0.29907536296140086     
  0.29917678476000825     
  0.29862342829732541     
  0.29906572615573979     
  0.29872215254588702     
  0.29904797007884126     
  0.29883392763511968     
  0.29869281448330709     
  0.29916484039908775     
  0.29788387888872669     
  0.29931476929504436     
  0.30077003828088772     
  0.30200420245009640     
  0.29991286154394864     
  0.29995132044828726     
  0.30169327121596234     
  0.29992993738033147     
  0.30178722037380729     
  0.30009402856144374     
  0.29916596059274719     
  0.30059113400953807     
  0.30034115119676591     
  0.30245687185342618     
  0.30158377040227008     
  0.30035249039882556     
  0.30056200035838071     
  0.30162257165352957     
  0.30186568487711551     
  0.30163754512163909     
  0.30161083869644634     
  0.30034568634129521     
  0.29953962889130131     
  0.30135585000071918     
  0.30151903016586667     
  0.30064307717657335     
  0.30095313134823215     
  0.30122353514813954     
  0.30098994237777005     
  0.30053947664853470     
  0.29978763354093352     
  0.29830924698714051     
  0.29894982745633941     
  0.29907781532462074     
  0.29743570032009081     
  0.29896366388643858     
  0.29879499125179465     
  0.29925492394322339     
  0.29895716456260329     
  0.29771788599758831     
  0.29772149145963861     
  0.29956182596186998     
  0.30079847048155550     
  0.30010907106195911     
  0.30020384788092941     
  0.30240270582984463     
  0.30322406663601620     
  0.30259414327895856     
  0.30226954503374226     
  0.30147971239181098     
  0.30000838844801647     
  0.30101088444605884     
  0.30157341700270701     
  0.30084607029959182     
  0.29979637885849370     
  0.29949900090838794     
  0.29931923934093807     
  0.29980766103338718     
  0.30042174446662506     
  0.30268081031705951     
  0.30245885767625519     
  0.30231882269093385     
  0.30139636585530666     
  0.30167895849579868     
  0.30065775536419187     
  0.30118316574850901     
  0.30366387925945415     
  0.30273825751932332     
  0.30126861966771029     
  0.30294519138119375     
  0.30265255890155446     
  0.30212130016492300     
  0.29929216208656556     
  0.30026306207618919     
  0.30232760468471964     
  0.30319356586816221     
  0.30103153448477316     
  0.30055602304193946     
  0.30147137829368903     
  0.30058410225318116     
  0.30139426567731503     
  0.29942290263887394     
  0.30026013672804747     
  0.29999636425949655     
  0.29846348791431671     
  0.29913259710218260     
  0.29960729490114379     
  0.30148200723677165     
  0.30294435269680819     
  0.30359431873778225     
  0.30373463737880058     
  0.30273556002280799     
  0.30085285675208939     
  0.29952729203081907     
  0.29856770178705977     
  0.29898049601608329     
  0.29933573207927716     
  0.29911223437890072     
  0.29901640048387113     
  0.29901159021115670     
  0.29781172953722412     
  0.29836381575022769     
  0.29828077784408985     
  0.29915432321847890     
  0.29736286975234150     
  0.29953672011313803     
  0.29848577613981109     
  0.30004702069356326     
  0.30147644378066007     
  0.30160498066238650     
  0.30184952728069803     
  0.30178543477776326     
  0.30068334340572389     
  0.30050875474514832     
  0.30000344573187221     
  0.29984964848422019     
  0.30084318226974049     
  0.30083356773865610     
  0.29898768420282845     
  0.30050927247315717     
  0.30108717914451366     
  0.30211686292416057     
  0.30304309847793121     
  0.30365807667090911     
  0.30373016292097077     
  0.30288369633644580     
  0.30418800200532592     
  0.30308295010627900     
  0.30127707914265150     
  0.30068056726125242     
  0.29960611778311425     
  0.29988847115204015     
  0.29884863485453417     
  0.30120577154401074     
  0.30049095545614302     
  0.30118109598968168     
  0.29993035122476308     
  0.30099581879980453     
  0.30140782807645278     
  0.30071316460776992     
  0.30159065625469728     
  0.29922197292191793     
  0.29746410147531732     
  0.29789808103458110     
  0.29948817619195828     
  0.29889520313387669     
  0.30092066193818146     
  0.30061366261108707     
  0.30098538515057666     
  0.30153358669169844     
  0.30163965483289146     
  0.30205696256812709     
  0.30269449085613015     
  0.30182223986976564     
  0.30281061760287753     
  0.30232343519918564     
  0.30087086209305325     
  0.30030646533057775     
  0.30073573606269777     
  0.30379809074503422     
  0.30332881634118392     
  0.30574757789282531     
  0.30492854002064090     
  0.30388500631830295     
  0.30352057258645582     
  0.30302510144913120     
  0.30168902576582352     
  0.30186931099735537     
  0.30141123852961366     
  0.30099654938930309     
  0.30144397218867930     
  0.30143403007361341     
  0.30169090490378631     
  0.30171215743668650     
  0.30003826291928204     
  0.29905817897892101     
  0.30076375648372200     
  0.30010508083388682     
  0.30179556297285304     
  0.30047721415271628     
  0.30006692468974222     
  0.30063498639003905     
  0.30014743004323408     
  0.29931236300503467     
  0.29832215794802308     
  0.29852879897878193     
  0.29923780058284727     
  0.29825484677918274     
  0.30056495185850651     
  0.30120143713460246     
  0.30172595272598546     
  0.30265103111853997     
  0.30081671471555860     
  0.30082013938043667     
  0.30135131442485730     
  0.30259153313138148     
  0.30349420536619309     
  0.30446173254794595     
  0.30410824457814323     
  0.30466881289913306     
  0.30258505254753504     
  0.30267137545677714     
  0.30308605077908651     
  0.30286329798189399     
  0.30326360495380095     
  0.30293312281626317     
  0.30203599781650770     
  0.30155631768853974     
  0.30033962254845270     
  0.30118525689113046     
  0.30209459662389909     
  0.30085253634978298     
  0.30159835145890662     
  0.29974354660785318     
  0.30121229498141933     
  0.29947434426012798     
  0.29975996594571280     
  0.30030716193044732     
  0.29956651408885793     
  0.29789148681993205     
  0.29747758446062766     
  0.29688152972727755     
  0.29804524501283658     
  0.29965634457501117     
  0.29934394901712658     
  0.29862441244165472     
  0.29962788560932557     
  0.29938515966776785     
  0.29829982930922816     
  0.29953971225131476     
  0.30154085230508043     
  0.29881911405107842     
  0.30027083789850395     
  0.29955063645685098     
  0.29875665562896342     
  0.29984833577201786     
  0.30051172441311574     
  0.29985951026969837     
  0.29895426540767306     
  0.30079408172015254     
  0.30052727681749991     
  0.30024570962603359     
  0.30076762821104319     
  0.30086266295543668     
  0.30018738291141089     
  0.30110439120215099     
  0.30110296197309916     
  0.30250131196537966     
  0.30315967350935530     
  0.30242905261079078     
  0.30302189792972606     
  0.30296918848619347     
  0.30295538425195212     
  0.30295798497443560     
  0.30463754902979501     
  0.30165943326909733     
  0.30204370709149020     
  0.30002707850543769     
  0.29874025816302813     
  0.29901398978597765     
  0.29771629498238827     
  0.30001831558581665     
  0.29797345210949716     
  0.29850287047933083     
  0.29902553868183640     
  0.29751070614752678     
  0.29867028882807306     
  0.30275554848565978     
  0.30406437930888897     
  0.30153596700285512     
  0.30233048318214206     
  0.30083320961341858     
  0.30177370984503465     
  0.30082793451773732     
  0.30051911666835318     
  0.30169905717448697     
  0.30110718771920247     
  0.30109803564520549     
  0.29992133811492727     
  0.30114166651744467     
  0.30244254341115107     
  0.30109023075734753     
  0.30123925560752551     
  0.30114884154427218     
  0.30142186558166295     
  0.30197410065611974     
  0.30206998659272566     
  0.30048038760794316     
  0.30167461646269722     
  0.30266396471642476     
  0.30317705919193649     
  0.30294545582105309     
  0.30299411417691902     
  0.30252324414498960     
  0.30125164325231168     
  0.30196982722395249     
  0.30150197906939280     
  0.30197141981316394     
  0.29997942450040382     
  0.30054092436821639     
  0.30166808360636277     
  0.30116453990261383     
  0.30032380193836578     
  0.30107847669342946     
  0.30053885790162654     
  0.30186845879597207     
  0.30215643616704396     
  0.30140632971109166     
  0.30067886245344866     
  0.30010830327931548     
  0.30213712056848241     
  0.30225822506675204     
  0.30275659809441513     
  0.30143943200385565     
  0.30136186568307877     
  0.30282297704728145     
  0.30289899892474259     
  0.30304196098277497     
  0.30164339564362247     
  0.29994398731199151     
  0.29918397055310447     
  0.29964805114850834     
  0.29853090720430236     
  0.29981672735562970     
  0.29995429311814326     
  0.29966798723315102     
  0.29928415219812021     
  0.30168768914541499     
  0.30138369836653522     
  0.30198763536852335     
  0.30011730562114908     
  0.29961156677991996     
  0.30046996936028753     
  0.29973231334939465     
  0.29869318248610588     
  0.29704203710579963     
  0.29802636312693903     
  0.29627866472353753     
  0.29671432979086043     
  0.29853463343519571     
  0.29901643542661160     
  0.29821833111760493     
  0.30078346815960461     
  0.30090654052560650     
  0.30011210885485623     
  0.30098401793754148     
  0.30184457395718700     
  0.30066766291118330     
  0.30061342827470811     
  0.29969041265848201     
  0.29885462516248390     
  0.30082841286637019     
  0.30243977054616250     
  0.30179948129340856     
  0.30094779671480321     
  0.30161526662885529     
  0.30158686359670750     
  0.30065915409775229     
  0.30039715463868910     
  0.30015420560684258     
  0.29914596830172074     
  0.29771202223759102     
  0.29838908104383183     
  0.29872254868423442     
  0.29890739450855308     
  0.29878386215608238     
  0.29806191038977831     
  0.30019960733687284     
  0.30105658688777920     
  0.30233727494908463     
  0.30324706833537923     
  0.30384559097139197     
  0.30250338589848019     
  0.30064307751742086     
  0.30305383190164764     
  0.30254285657626417     
  0.30433545818738705     
  0.30445753403743209     
  0.30217026917315154     
  0.30391495434255583     
  0.30256404816359611     
  0.30231732394655131     
  0.30221333635203251     
  0.30077022354791028     
  0.29976980628589728     
  0.30004408153596629     
  0.30054132827572172     
  0.29790704158163039     
  0.29857921488291622     
  0.29849527831069211     
  0.29801915456202532     
  0.29624462931592827     
  0.29656700594820989     
  0.29811184258683709     
  0.29984363025348892     
  0.29947216075647726     
  0.30032290335197748     
  0.30138729952075749     
  0.30112397477357489     
  0.30244007261450101     
  0.30164550975898713     
  0.30168835385612575     
  0.30329869384205610     
  0.30267293340032464     
  0.30125610918883083     
  0.30200620610629586     
  0.30192066906293408     
  0.30121583557071929     
  0.30117636111864465     
  0.30086886774811011     
  0.30060707271799475     
  0.30124881246753743     
  0.30119008053121088     
  0.30295940110899833     
  0.30116991179761099     
  0.30071436947606606     
  0.30172459842589505     
  0.30167034668660636     
  0.30032590497447081     
  0.30041438881975152     
  0.30071492753052431     
  0.30104813410057196     
  0.30090915899907289     
  0.30256214038207491     
  0.30218400591442912     
  0.30154939467279374     
  0.30320859603472078     
  0.30375568095367561     
  0.30337211593858093     
  0.30360981231465134     
  0.30312924873813019     
  0.30161003140835729     
  0.30381070075909739     
  0.30359590444613072     
  0.30173451913801119     
  0.29966716971320329     
  0.30072175961029141     
  0.30058513096154860     
  0.30115004645455612     
  0.30177695207734245     
  0.30164402770272686     
  0.30069427046096736     
  0.30063828114199059     
  0.30197422077325908     
  0.29944708222930211     
  0.30100357778494774     
  0.30129620103487814     
  0.30180539876141244     
  0.30056871787516143     
  0.30004493746553412     
  0.30109716807318915     
  0.30030558855628020     
  0.30141453571424681     
  0.30293111455523475     
  0.30218941819474165     
  0.30169164649839353     
  0.30045386238407379     
  0.30032383514001243     
  0.30174520534164689     
  0.30110540547807479     
  0.30088600257496423     
  0.29991681769550449     
  0.30002365593092584     
  0.30193398162018925     
  0.30185948844326066     
  0.30083468077492426     
  0.30116449035314469     
  0.30161048094412624     
  0.30130460721253594     
  0.30160210871454984     
  0.29998038455140663     
  0.29912119948519195     
  0.30033489287884130     
  0.30141181454532012     
  0.30150187432258463     
  0.29975654448400391     
  0.30007706499665820     
  0.29950115940383859     
  0.30010880115347566     
  0.30080821181395445     
  0.30047065948653695     
  0.30165277163214482     
  0.30152120923214171     
  0.30048978488880679     
  0.30087300915456194     
  0.30396377839719269     
  0.30251031195432115     
  0.30179734824622761     
  0.30158427318223174     
  0.30282953007565716     
  0.30183563831337373     
  0.30026269476658585     
  0.29920744152245626     
  0.29748822023845228     
  0.29954710084964176     
  0.30041317297707776     
  0.30337869008945167     
  0.30228078852058365     
  0.30282608719290327     
  0.30050758823892326     
  0.29939328043992791     
  0.30086501912520935     
  0.29945151754390309     
  0.29772243515131874     
  0.29987792654237455     
  0.30003494347688675     
  0.30027837970473020     
  0.29917566450346217     
  0.29864649296332357     
  0.30031880671055622     
  0.29956146073800699     
  0.29873894367780179     
  0.29825854785716671     
  0.29866245108694583     
  0.29816947108404579     
  0.30068170289509061     
  0.30064358264445107     
  0.29985135274153851     
  0.29908356909123140     
  0.29963721654632841     
  0.30131913157721668     
  0.30204444360305527     
  0.30318608361141286     
  0.30086135585010343     
  0.30010296073033033     
  0.29819172281252720     
  0.29973041948199858     
  0.29920918329892593     
  0.29838136790038949     
  0.29755343297319514     
  0.30079802266156525     
  0.29968765843744882     
  0.30017690300789013     
  0.30004839770844521     
  0.30180663492777227     
  0.30201106312681447     
  0.29994600693864126     
  0.30063866471147810     
  0.30093791664702485     
  0.30091000129561241     
  0.29869753453197978     
  0.29843134008851790     
  0.29876571187649981     
  0.29994039499402392     
  0.30032779393089587     
  0.30117957885571367     
  0.29800273787191417     
  0.30055239374920650     
  0.30157230879744618     
  0.30091729499289122     
  0.30267876370593677     
  0.30179324026984711     
  0.30085542130800919     
  0.29824842532718931     
  0.29994229251097471     
  0.30057901994521413     
  0.29799055097771832     
  0.29801002294309137     
  0.29748967062291753     
  0.29666744078904189     
  0.29777938471471449     
  0.29872862855277454     
  0.29800621771818220     
  0.29644674441038699     
  0.29708816482640993     
  0.29685083666613393     
  0.29848327939048541     
  0.29781187132138603     
  0.29935997962744215     
  0.29881090977583746     
  0.29965284359823630     
  0.29951830590359135     
  0.30094003722330365     
  0.30252930651250076     
  0.30275401955089803     
  0.30298271447890485     
  0.30299306513434593     
  0.30061158665870108     
  0.29971684603620341     
  0.29936094981156958     
  0.29915934313431558     
  0.29983358818786388     
  0.30024675360887737     
  0.30227529552518240     
  0.30179652103962740     
  0.30097202933950556     
  0.30139184297189175     
  0.30270538763562838     
  0.30104199832098116     
  0.30101492420977694     
  0.30118697255034477     
  0.30152382472615652     
  0.30150050452640131     
  0.30031020235768202     
  0.29997112132694315     
  0.30256310087715443     
  0.30200941971379985     
  0.30039291683860614     
  0.30081689124007577     
  0.29905063530570380     
  0.29874984036168528     
  0.30089227359193843     
  0.30215870821032431     
  0.30173904953324482     
  0.30277742393256962     
  0.30318574500193984     
  0.30132286240355705     
  0.29976556880642069     
  0.29951935106116340     
  0.30111380057515785     
  0.30120571566262183     
  0.30108071788062207     
  0.30123830762631565     
  0.30140443344695755     
  0.30046697894775315     
  0.30055651364729025     
  0.30050922563711169     
  0.29966866545146292     
  0.30206032395492821     
  0.30285871937088304     
  0.30237885113279195     
  0.30150446204623904     
  0.29981527472566960     
  0.30061115294481222     
  0.30061999792389160     
  0.30185357287119979     
  0.30213704563668509     
  0.30237066576283922     
  0.30081926810873560     
  0.29872785455800632     
  0.29833694273160061     
  0.29606534677657131     
  0.29872120491685544     
  0.30000482885894020     
  0.29988929049270607     
  0.30049595839326781     
  0.30117766099970622     
  0.30243068272583973     
  0.30291578395737845     
  0.30373294097385456     
  0.30465265218144461     
  0.30277913134398138     
  0.30350405751361637     
  0.30414261658995512     
  0.30402303081387799     
  0.30332162307902183     
  0.30219718607993989     
  0.30318627615726035     
  0.30199307877829829     
  0.30152971504925663     
  0.30040429597475632     
  0.29978670510878674     
  0.30168553413719246     
  0.30014106468994384     
  0.30063184831867534     
  0.29992854611067249     
  0.30105477992487156     
  0.30263095284681063     
  0.30119721969313340     
  0.30154866889733989     
  0.30175520803818329     
  0.30222773994581414     
  0.29967011408849492     
  0.29990151314451929     
  0.29885122439609341     
  0.29899158558777034     
  0.29941739632496495     
  0.30078684837558733     
  0.30073685893395813     
  0.29953823977043659     
  0.29836754283222150     
  0.30129131214931498     
  0.30028020140052136     
  0.29735732149146177     
  0.29996626863192960     
  0.29860442915919755     
  0.29627394912133026     
  0.29790340254895731     
  0.29844365234989612     
  0.29724086896298391     
  0.29880294466664958     
  0.29677272330219645     
  0.29659271841054757     
  0.29938862900545482     
  0.30030522453925002     
  0.30168465610478490     
  0.30004505844954898     
  0.30115666721089801     
  0.30117753014179932     
  0.30068487672732402     
  0.30121362378216254     
  0.30124564052602010     
  0.30103443682810999     
  0.30101363926562474     
  0.30087547039369622     
  0.30205375813653462     
  0.30110875580891328     
  0.30045245226985712     
  0.30179693566648091     
  0.30178300352759141     
  0.30054453509135637     
  0.30246589660685358     
  0.30282555673425959     
  0.30343289989079675     
  0.30179474267899337     
  0.30087161041333516     
  0.30053543400899663     
  0.30174934161644701     
  0.30141080432835193     
  0.30063376884542170     
  0.30124674056158013     
  0.29976450607395322     
  0.30072793867126024     
  0.30238593783424877     
  0.30097176365799083     
  0.30226004404897255     
  0.30376539372568301     
  0.30361021683793160     
  0.30352517794890455     
  0.30445503411674635     
  0.30244061815602613     
  0.30155539224786199     
  0.30187942588995736     
  0.30264035636423281     
  0.30248530292264653     
  0.30165217407287614     
  0.30031558965353294     
  0.29956971396525622     
  0.30001005466750053     
  0.29780876992374650     
  0.29683041224179013     
  0.29899832878879024     
  0.29942846299475201     
  0.30057928182587285     
  0.30044635983066514     
  0.30191891577933938     
  0.30013848401886478     
  0.30119627740452626     
  0.30214681147322481     
  0.30219655856526545     
  0.30049138215408100     
  0.30177429424512348     
  0.29992021600442120     
  0.29986343586867498     
  0.30041711064218574     
  0.29922365913980103     
  0.30165840781791536     
  0.30109120690913072     
  0.29866980869796583     
  0.29897855131662165     
  0.29946130568692853     
  0.29980201717652383     
  0.30099023651124751     
  0.30154835848084421     
  0.30216455641295520     
  0.30160439292190683     
  0.30123048916098966     
  0.30074444796430444     
  0.30203544064528043     
  0.30231626387534882     
  0.30113513675110093     
  0.30075358732893021     
  0.30158016927192122     
  0.30395951792110848     
  0.30428846950829663     
  0.30492875503870537     
  0.30361110578794753     
  0.30474635109746517     
  0.30306321887076437     
  0.30186944848422309     
  0.29960368544070043     
  0.30139691687706488     
  0.30179884660603262     
  0.30353897122160989     
  0.30069246500032976     
  0.29977409857139381     
  0.29812608837661625     
  0.30041383868184851     
  0.30151374175043133     
  0.30219758752741521     
  0.30171350737591057     
  0.30173295254272753     
  0.30049881301785475     
  0.30102524346174997     
  0.30001304912125137     
  0.30106811605556683     
  0.30048814044470634     
  0.30179884281795183     
  0.30267405155415888     
  0.30178794637349354     
  0.30091597340435317     
  0.30115735428886109     
  0.30151887125902654     
  0.30173410393646327     
  0.30305919374220008     
  0.30322489552369736     
  0.30106480198731200     
  0.30262544311870326     
  0.30192615146309121     
  0.30008665173077204     
  0.30197764391125487     
  0.30158243297486620     
  0.29965866983698686     
  0.30256894006062768     
  0.30264328603283552     
  0.30181341069485301     
  0.30175064721102524     
  0.30054828578678333     
  0.29890942817106353     
  0.30001788142477415     
  0.30101711237125156     
  0.30176645364355592     
  0.30127633621209232     
  0.30329894087889980     
  0.30378398911952642     
  0.30249954590505979     
  0.30223269648915130     
  0.30075375525485243     
  0.30097538125200884     
  0.30295941094776130     
  0.30073334561661402     
  0.30067250468570783     
  0.30065705168880641     
  0.30175880906397368     
  0.30039791756228085     
  0.30153165189344722     
  0.30205569810426636     
  0.30215225115993094     
  0.30403912493116558     
  0.30256208331706763     
  0.30531095071410980     
  0.30560967070050760     
  0.30667181111604214     
  0.30421793218584298     
  0.30324154715020479     
  0.30315893597564775     
  0.30540274633998626     
  0.30342154573604879     
  0.30233715984705989     
  0.30222757167199105     
  0.30145648057189256     
  0.30262909518074171     
  0.30101194999576686     
  0.30325947198145908     
  0.30260280341396817     
  0.29867042027425539     
  0.29773845923351411     
  0.29637465783301264     
  0.29595996952925818     
  0.29780947222772008     
  0.29905303853189596     
  0.30055028217402813     
  0.30037842703460471     
  0.29953486263098000     
  0.30143149491280363     
  0.30223838194831271     
  0.30125484812310233     
  0.30018549843367259     
  0.30102702610415027     
  0.30067308459875747     
  0.29968761037852221     
  0.30232801541155069     
  0.30246653469707052     
  0.30085179858416145     
  0.29922742392077711     
  0.29958768347269688     
  0.30057392482081741     
  0.30060194656623190     
  0.29917129992302710     
  0.29903088038609399     
  0.29830259044049973     
  0.29984672787854671     
  0.29986851293706102     
  0.29898957383356534     
  0.29764782176468130     
  0.29818847437858581     
  0.29914852876349440     
  0.29936720464471467     
  0.29897700081673323     
  0.29926270012832790     
  0.29989906328862548     
  0.29866180150220567     
  0.29746669222191491     
  0.29666122708418036     
  0.29749622875530601     
  0.30025218863043074     
  0.30093580416744031     
  0.29930541252219967     
  0.30074557363836241     
  0.30156301273469410     
  0.30027593899558186     
  0.29859849987377490     
  0.29741736812914338     
  0.29826223540355729     
  0.29771284863742592     
  0.29856214703096545     
  0.29872289083347797     
  0.30019321900741902     
  0.30045939910953307     
  0.30239043380452457     
  0.30223093883836954     
  0.30228772487650424     
  0.30262254245895476     
  0.30068487085484608     
  0.30301890868312087     
  0.30379002479593381     
  0.30217444245597325     
  0.30073344743043812     
  0.29746297354676332     
  0.29857017141175435     
  0.30173301219110232     
  0.30172936890689611     
  0.29986560154724662     
  0.29910538588735763     
  0.30072739110265784     
  0.30059424271360119     
  0.30172364761967124     
