  0.30405674439127295     
  0.30422593468025694     
  0.30305952783699924     
  0.30259345865189125     
  0.30255776145038010     
  0.30222938349451139     
  0.30281417858674864     
  0.30336321955094209     
  0.30372721765873434     
  0.30351820462183671     
  0.30375557997441360     
  0.30343057925540234     
  0.30288614330893326     
  0.30366674925144688     
  0.30381258291797342     
  0.30352361693889263     
  0.30403103247068436     
  0.30385584792392484     
  0.30341953437181329     
  0.30150684573870651     
  0.30231564950370293     
  0.30246781761735841     
  0.30236536470702186     
  0.30215918766672017     
  0.30248966216498618     
  0.30226543856981541     
  0.30185558203437762     
  0.30193392204227942     
  0.30223565862165541     
  0.30278778861448413     
  0.30286320399477246     
  0.30172366249316063     
  0.30176537179650459     
  0.30119209410563391     
  0.30215876474547226     
  0.30152066714166459     
  0.30242036437774489     
  0.30286217563824769     
  0.30371897350166205     
  0.30495871535271407     
  0.30436217658078984     
  0.30340797751576348     
  0.30302003141543221     
  0.30285825320383331     
  0.30377709545992865     
  0.30426916475047716     
  0.30352161271057132     
  0.30244999108353643     
  0.30235514038701022     
  0.30131560271416846     
  0.30216358205488281     
  0.30268311397194481     
  0.30309580168682826     
  0.30293239169870123     
  0.30319115878700603     
  0.30348225339700702     
  0.30409737323484537     
  0.30304320021574621     
  0.30260579773366253     
  0.30298894350920286     
  0.30414872088061751     
  0.30383651758397262     
  0.30446962524028121     
  0.30470852941511728     
  0.30452531602229932     
  0.30505345691456176     
  0.30496996958320677     
  0.30542314073922450     
  0.30487752392367834     
  0.30542074409385495     
  0.30511604893197375     
  0.30468855802186157     
  0.30407676641720610     
  0.30452243371878912     
  0.30453785429423486     
  0.30506772590997416     
  0.30422574310947192     
  0.30433345541666429     
  0.30410982399315584     
  0.30504768531890880     
  0.30568559999159950     
  0.30698219368480645     
  0.30632195349814190     
  0.30634680369359168     
  0.30522027114619882     
  0.30471179037438423     
  0.30523779269806944     
  0.30520522100670511     
  0.30430935784702268     
  0.30468933858323893     
  0.30438979784684511     
  0.30433852755497448     
  0.30520410472430437     
  0.30528953022532235     
  0.30489084366513758     
  0.30401992049549537     
  0.30464120860991156     
  0.30485868919690218     
  0.30485393780019465     
  0.30402968714490197     
  0.30424661563211503     
  0.30484530379650043     
  0.30452544893404615     
  0.30362961170619956     
  0.30348596770502778     
  0.30371481933289413     
  0.30353416740419659     
  0.30332940518063067     
  0.30483726745692302     
  0.30483448315229994     
  0.30468110832921946     
  0.30474822334314744     
  0.30496382270397698     
  0.30563290959481848     
  0.30486954138762773     
  0.30531527614403564     
  0.30604198995821413     
  0.30532643399005610     
  0.30539139145343097     
  0.30403471666030840     
  0.30339542182334667     
  0.30311878913816820     
  0.30221272884457534     
  0.30298806113160376     
  0.30291045855857796     
  0.30260529767480243     
  0.30340898104953801     
  0.30384823203109085     
  0.30462740923152143     
  0.30411850434092769     
  0.30362949633733755     
  0.30414033308696387     
  0.30536793289565572     
  0.30515314941820382     
  0.30513796427774514     
  0.30510611580204561     
  0.30444916660292665     
  0.30438731782917477     
  0.30480749729068762     
  0.30517286690613998     
  0.30509440814199595     
  0.30538712313533023     
  0.30592711987458904     
  0.30595533001714997     
  0.30568380829005221     
  0.30589340527746822     
  0.30505581620014238     
  0.30634722044525470     
  0.30720731958074587     
  0.30658519335688877     
  0.30562229764693932     
  0.30473586718104217     
  0.30371190279762567     
  0.30426737765072259     
  0.30522993813171190     
  0.30482612876975146     
  0.30571639305000187     
  0.30624760800920281     
  0.30561420862512612     
  0.30526300925956518     
  0.30489027574161959     
  0.30603398822852534     
  0.30547742675108713     
  0.30530009975753297     
  0.30512523857135343     
  0.30502189919242623     
  0.30581183036458409     
  0.30710040608056005     
  0.30621416277335911     
  0.30539466153365452     
  0.30592475685221104     
  0.30570632212674120     
  0.30480451764050315     
  0.30382019718773279     
  0.30438269787812544     
  0.30425907741319103     
  0.30392369188126267     
  0.30290002850905201     
  0.30371930492358856     
  0.30266411501901980     
  0.30331389615491217     
  0.30369957523570051     
  0.30225664628572346     
  0.30328781830550433     
  0.30266719268026598     
  0.30363709141599138     
  0.30398221230234446     
  0.30346277098339158     
  0.30287945433482971     
  0.30166490277348396     
  0.30164829063433451     
  0.30239399972775671     
  0.30225510383001730     
  0.30253090995740661     
  0.30292622368780925     
  0.30271317222433342     
  0.30333716582013748     
  0.30279731600843235     
  0.30258215996761362     
  0.30328805556767569     
  0.30395338884460449     
  0.30415479948006613     
  0.30410284103275809     
  0.30398655412767500     
  0.30378039972910237     
  0.30423121540052134     
  0.30428733930705626     
  0.30332694209544098     
  0.30328799045044602     
  0.30376212457313090     
  0.30435534061288733     
  0.30416801630079043     
  0.30392173416363855     
  0.30338810341709910     
  0.30316801531540183     
  0.30260305744495830     
  0.30375144937103021     
  0.30377693024157071     
  0.30383426126085616     
  0.30377550803278824     
  0.30412361455843767     
  0.30384545571486599     
  0.30415819199293870     
  0.30332803374813816     
  0.30353890300360870     
  0.30328799969624964     
  0.30217237173074013     
  0.30228292882868268     
  0.30307579852103300     
  0.30320855506608696     
  0.30293281584816040     
  0.30233090453216976     
  0.30172670588150152     
  0.30198383085813835     
  0.30172940077898619     
  0.30249681085411234     
  0.30286616194342469     
  0.30424338578147664     
  0.30454232596358255     
  0.30370599878294063     
  0.30277625800835462     
  0.30370097384559003     
  0.30333246097831318     
  0.30215760485194376     
  0.30104137684798893     
  0.30106844771854280     
  0.30128863786260157     
  0.30153703176913993     
  0.30253236553125046     
  0.30238800324016851     
  0.30238621532366577     
  0.30265665007694093     
  0.30332449147368917     
  0.30249992559994993     
  0.30153364006020938     
  0.30270700340889722     
  0.30264652313474422     
  0.30218094502356219     
  0.30194637946919600     
  0.30159350536327351     
  0.30220535084006411     
  0.30270902199613653     
  0.30323007507066146     
  0.30228320358202282     
  0.30256582413913330     
  0.30238348515413460     
  0.30274515646666189     
  0.30347286881339774     
  0.30330088135281430     
  0.30345937026493125     
  0.30365119899760701     
  0.30337592615965020     
  0.30292125863396485     
  0.30399234980939494     
  0.30515223840088601     
  0.30503167820511395     
  0.30588805092174426     
  0.30548062073343463     
  0.30611377177088173     
  0.30671310159513615     
  0.30694799823442181     
  0.30630073976906846     
  0.30673111966244548     
  0.30654568404308996     
  0.30530491895655837     
  0.30468476003427358     
  0.30529021666648293     
  0.30426331336250384     
  0.30469996682817269     
  0.30434016102177702     
  0.30285724928055957     
  0.30211240536068379     
  0.30281107413230551     
  0.30290642021813374     
  0.30245769747279400     
  0.30310605582373529     
  0.30382036308021954     
  0.30319099138691952     
  0.30315171403502872     
  0.30289443235775143     
  0.30361834260532355     
  0.30404604813061353     
  0.30331894797532738     
  0.30417926579212978     
  0.30509779801175851     
  0.30491999807323805     
  0.30531622447193024     
  0.30448511025221159     
  0.30293375156203023     
  0.30340573693421652     
  0.30394153927850587     
  0.30435188488336440     
  0.30376995530489176     
  0.30302766864105057     
  0.30379686164065689     
  0.30345333492223897     
  0.30451291705661127     
  0.30388720778464118     
  0.30441120131103161     
  0.30319869756723328     
  0.30422342618538373     
  0.30414901156091523     
  0.30471185659702438     
  0.30357578944316982     
  0.30339023365624856     
  0.30208638414483713     
  0.30168253650801907     
  0.30155953958162934     
  0.30300796859113871     
  0.30210691629481268     
  0.30263183863697263     
  0.30253091679475236     
  0.30192096883939501     
  0.30242853367401629     
  0.30285618279436011     
  0.30266521953325398     
  0.30288792663587832     
  0.30268249047815599     
  0.30174132420593569     
  0.30178387661360057     
  0.30215673639491464     
  0.30168030838930443     
  0.30126234949407399     
  0.30233361053224961     
  0.30212739853301379     
  0.30220986412191875     
  0.30269969194642776     
  0.30169806164349122     
  0.30091825324063926     
  0.30133917064313775     
  0.30131836806471135     
  0.30205123488118341     
  0.30258325009208814     
  0.30333581670680099     
  0.30389549708791769     
  0.30582367519689052     
  0.30554731955773262     
  0.30507278554482881     
  0.30417181538333704     
  0.30423849277588327     
  0.30270344549059158     
  0.30353285758292531     
  0.30332449505508646     
  0.30336579446592560     
  0.30241821721283368     
  0.30335112950710574     
  0.30289038794143591     
  0.30408350750767049     
  0.30443858497182985     
  0.30419926968605498     
  0.30340978551794623     
  0.30341821866132573     
  0.30168091871936442     
  0.30299246225734539     
  0.30289978256042394     
  0.30245833825144830     
  0.30232976800957367     
  0.30418883892382176     
  0.30407838399290071     
  0.30500253287783557     
  0.30568547425212622     
  0.30574057063289328     
  0.30550532654406259     
  0.30453715576873358     
  0.30294078788081585     
  0.30284021726790639     
  0.30285574989800662     
  0.30347428640395052     
  0.30357238848841211     
  0.30422341726947894     
  0.30504330253966638     
  0.30406894249815236     
  0.30440654145483753     
  0.30339376010554581     
  0.30367301401640640     
  0.30491577878077036     
  0.30504525021480400     
  0.30507849634984296     
  0.30432788673011241     
  0.30371186138006301     
  0.30472542546822884     
  0.30427387996936589     
  0.30385768352214371     
  0.30407462545080527     
  0.30403498973566917     
  0.30412479258431746     
  0.30437368811993765     
  0.30398398458199305     
  0.30384215931471364     
  0.30328833926750809     
  0.30372866353793293     
  0.30359306262230884     
  0.30363936723423041     
  0.30336015235840247     
  0.30245287430261225     
  0.30247968941455583     
  0.30220605425021035     
  0.30332172746111918     
  0.30231064095433502     
  0.30286917535321994     
  0.30327135185756338     
  0.30343363595672213     
  0.30383113216633995     
  0.30491528846957044     
  0.30501421015453661     
  0.30394967144653207     
  0.30400950397960891     
  0.30325673002862091     
  0.30340682439315475     
  0.30341435120815780     
  0.30219396657516878     
  0.30222428482270836     
  0.30212682559156856     
  0.30272136903308949     
  0.30258606309305203     
  0.30307747353604786     
  0.30154691097376318     
  0.30166791897633438     
  0.30195467333883613     
  0.30303779902964384     
  0.30308403994815425     
  0.30316213034605966     
  0.30336050869734710     
  0.30367267630124589     
  0.30504670873699802     
  0.30445017281447362     
  0.30453874575272871     
  0.30381592616648795     
  0.30433319696722050     
  0.30444525944600892     
  0.30549621881111710     
  0.30587243936441000     
  0.30543876405354081     
  0.30490607725326563     
  0.30426269815106255     
  0.30480975339058847     
  0.30432801308309559     
  0.30363545487501903     
  0.30432599916338282     
  0.30477123816232987     
  0.30583853134427214     
  0.30645644864827964     
  0.30669345172521445     
  0.30672054084994455     
  0.30628695256067567     
  0.30557514116812040     
  0.30522309693035887     
  0.30465774814134855     
  0.30526273009118693     
  0.30483811304819558     
  0.30461612554833634     
  0.30466597646503890     
  0.30438769489952483     
  0.30465258932189604     
  0.30463881191908837     
  0.30376738506065887     
  0.30318967649170836     
  0.30392486886122899     
  0.30424473053907475     
  0.30400033764331513     
  0.30447420682909326     
  0.30485548200237139     
  0.30495625967348433     
  0.30595481905987543     
  0.30685650216242411     
  0.30791114027118360     
  0.30772070532039175     
  0.30777962348033572     
  0.30703415896791886     
  0.30663986833686557     
  0.30645476798453242     
  0.30697908860558565     
  0.30502654932264128     
  0.30482409643815145     
  0.30505195121755230     
  0.30467736503828757     
  0.30485012841758219     
  0.30492125937090825     
  0.30486563437609854     
  0.30420270280216416     
  0.30409893421736989     
  0.30424240350296705     
  0.30402117785226190     
  0.30383933905126775     
  0.30312850689605125     
  0.30321225499175702     
  0.30332324581257686     
  0.30275837685077467     
  0.30297523589370240     
  0.30169976532148091     
  0.30149138076631832     
  0.30143934690388147     
  0.30129175571931310     
  0.30132012062963576     
  0.30167211631285490     
  0.30221504562259938     
  0.30284337338637601     
  0.30325985158689145     
  0.30302772476979006     
  0.30358598396161529     
  0.30416940987942881     
  0.30396664257937295     
  0.30424372963313423     
  0.30528218044686839     
  0.30496202627269769     
  0.30488146249460063     
  0.30412523919884032     
  0.30451996282150640     
  0.30389997476076452     
  0.30323420636001602     
  0.30350344204413154     
  0.30415580191928326     
  0.30422355692732483     
  0.30399131366301690     
  0.30387904031423374     
  0.30396087129792454     
  0.30450942713006945     
  0.30487557399801568     
  0.30432279056510381     
  0.30523851901822463     
  0.30485644620720764     
  0.30511734060766849     
  0.30493013942182684     
  0.30445507694444934     
  0.30402140667286370     
  0.30418593103454905     
  0.30458021610600200     
  0.30464707631063576     
  0.30318739509875220     
  0.30312603019777706     
  0.30376008261038467     
  0.30350575555278458     
  0.30342471293384865     
  0.30272302877943685     
  0.30390971443886355     
  0.30449947293315788     
  0.30483474581702635     
  0.30566578914908227     
  0.30541114822267917     
  0.30503065906618537     
  0.30551167869465601     
  0.30571469025199177     
  0.30485588080211706     
  0.30479888121297943     
  0.30497905790168434     
  0.30493918227228356     
  0.30440441252583633     
  0.30393809356061474     
  0.30300969499331043     
  0.30268657401468468     
  0.30277740069268255     
  0.30346365619021332     
  0.30320526351493743     
  0.30364293356651811     
  0.30318716726746631     
  0.30346806486048694     
  0.30366692398768741     
  0.30326775820046442     
  0.30286482534068604     
  0.30281187964160189     
  0.30355747534680727     
  0.30275552506643988     
  0.30221309410995406     
  0.30276442369682699     
  0.30213344299563588     
  0.30146983957349105     
  0.30135476544294937     
  0.30192895945419163     
  0.30203747186826285     
  0.30197075411900004     
  0.30245025449072993     
  0.30272505361471186     
  0.30320359295148469     
  0.30313327485644165     
  0.30485035002631239     
  0.30424360735878869     
  0.30472519893963423     
  0.30547829774178314     
  0.30476284862984998     
  0.30566869816355813     
  0.30563314821521814     
  0.30554040703721264     
  0.30572137152698076     
  0.30692439117772141     
  0.30573080181471857     
  0.30625851480780231     
  0.30508430885115584     
  0.30436406100879121     
  0.30533932660491553     
  0.30472264248868614     
  0.30439061922645422     
  0.30480068759774037     
  0.30480830314654561     
  0.30549116276128457     
  0.30629112503023009     
  0.30587881080390933     
  0.30495602986489206     
  0.30469469229586099     
  0.30390142927369523     
  0.30321791201577469     
  0.30340190425196323     
  0.30312264435046959     
  0.30350390343613509     
  0.30392110981743731     
  0.30438659648024274     
  0.30453277997409456     
  0.30463296002710516     
  0.30457817078675525     
  0.30426777440696590     
  0.30366257309299965     
  0.30347251709895467     
  0.30357623906062520     
  0.30401215377114499     
  0.30450538719838660     
  0.30497965617328060     
  0.30481704750422822     
  0.30533021830416146     
  0.30509214422480552     
  0.30407950564810654     
  0.30370691522432869     
  0.30305795525092399     
  0.30299836513781481     
  0.30203420393908886     
  0.30332928849905999     
  0.30275739651082989     
  0.30384191639788111     
  0.30350127756441375     
  0.30416452001119648     
  0.30473931451001629     
  0.30398808328600041     
  0.30438952858686563     
  0.30523988418703113     
  0.30505474320066894     
  0.30525021104068739     
  0.30437674989162383     
  0.30383818154807302     
  0.30409351884390157     
  0.30546660371941281     
  0.30318546571235933     
  0.30277141901108789     
  0.30283469810173358     
  0.30337719641017091     
  0.30406763560567251     
  0.30426521562729120     
  0.30387969424355937     
  0.30356527390127724     
  0.30325262082436066     
  0.30418765431115785     
  0.30368326585089683     
  0.30367358009230477     
  0.30408606214622996     
  0.30306703675004953     
  0.30300467325613983     
  0.30288576414468904     
  0.30294858568806160     
  0.30203999279928190     
  0.30165773454422934     
  0.30184825572176782     
  0.30143746530053794     
  0.30208703571853379     
  0.30355923844220134     
  0.30378414588140418     
  0.30354293680216998     
  0.30354146133453808     
  0.30363145673385450     
  0.30335586298679107     
  0.30441467321125504     
  0.30442976717550857     
  0.30418735870257974     
  0.30305952568481942     
  0.30247710931981997     
  0.30304727376448959     
  0.30236490930662507     
  0.30246198975799732     
  0.30296712153020572     
  0.30280853286077286     
  0.30255718091058892     
  0.30273079868799702     
  0.30361292730193351     
  0.30501996917258384     
  0.30487658148628749     
  0.30398257241702881     
  0.30438965964977116     
  0.30579055554091622     
  0.30487876285839960     
  0.30504813050818774     
  0.30458295351002601     
  0.30353718306713218     
  0.30376747349768457     
  0.30331520120084965     
  0.30377158597681592     
  0.30389617911072392     
  0.30269044734447614     
  0.30315312002977174     
  0.30309816045455357     
  0.30318669821257599     
  0.30389125351877466     
  0.30491452128914592     
  0.30523032802182726     
  0.30479793968813867     
  0.30476863625151862     
  0.30457669610390947     
  0.30436160888665298     
  0.30529524558467114     
  0.30532688310864409     
  0.30440044576868991     
  0.30484574764290490     
  0.30449411836256551     
  0.30400301756929654     
  0.30501467307110358     
  0.30413559975051796     
  0.30475646009066087     
  0.30515828625341002     
  0.30504101195693611     
  0.30578410487881497     
  0.30702290873577409     
  0.30615141412974795     
  0.30613462012610371     
  0.30602187873857034     
  0.30599487541634163     
  0.30630758912668554     
  0.30656276963539558     
  0.30662395177884572     
  0.30549478406238745     
  0.30579255075531975     
  0.30500944912966910     
  0.30422234289907646     
  0.30441018266736747     
  0.30328008912293475     
  0.30308041759652188     
  0.30326516800397596     
  0.30445297572989205     
  0.30459585402562628     
  0.30362105424414260     
  0.30399288748486586     
  0.30330383734910221     
  0.30352782443738285     
  0.30177579359540357     
  0.30188896004175542     
  0.30180504381399165     
  0.30203650374301927     
  0.30277705980046432     
  0.30405891175933308     
  0.30412516382712851     
  0.30396489636615726     
  0.30342131693336377     
  0.30288754824068537     
  0.30371143389230310     
  0.30433423332928089     
  0.30411037506113076     
  0.30376994891567838     
  0.30379979236794535     
  0.30383714002841039     
  0.30385144650239715     
  0.30451885075294116     
  0.30429633154078461     
  0.30406570176184627     
  0.30304723317451276     
  0.30371130562902510     
  0.30325439288413691     
  0.30398873296593726     
  0.30363548598203949     
  0.30449102740050404     
  0.30391100151655998     
  0.30451666423660445     
  0.30455693909168224     
  0.30471111096012504     
  0.30539050844897686     
  0.30517833643016118     
  0.30462273633362935     
  0.30390950813012180     
  0.30364598636025536     
  0.30325283140281606     
  0.30422267330314495     
  0.30412907290383401     
  0.30391890476294181     
  0.30382891304247828     
  0.30289538803023658     
  0.30269082783435819     
  0.30244936494395797     
  0.30195949564818941     
  0.30216758419517553     
  0.30173246661484898     
  0.30166623646241908     
  0.30132604647550293     
  0.30162865713277309     
  0.30190969370246190     
  0.30258990769969663     
  0.30351245430402690     
  0.30418887948784462     
  0.30403078831681513     
  0.30265480904742298     
  0.30332571610031700     
  0.30313864846598892     
  0.30350706096838659     
  0.30403348009002512     
  0.30419721004135825     
  0.30404094350385852     
  0.30385739089675656     
  0.30295059790616208     
  0.30389882133349910     
  0.30462771834389407     
  0.30463864409669689     
  0.30472990589166427     
  0.30507453254749817     
  0.30525101173704366     
  0.30458553827887713     
  0.30538122643048909     
  0.30486620789119306     
  0.30529156719703837     
  0.30583584142263492     
  0.30525857865018785     
  0.30552792896149350     
  0.30491289416556311     
  0.30413513571743828     
  0.30424062572113653     
  0.30329120860976805     
  0.30350547285602819     
  0.30371226095202852     
  0.30504191432012867     
  0.30539860946477043     
  0.30422755821659953     
  0.30292726280479459     
  0.30398218999476329     
  0.30395280341515790     
  0.30350956708858406     
  0.30394366275306484     
  0.30344344463452877     
  0.30226195748926343     
  0.30164416124587357     
  0.30154180903967431     
  0.30295194754432381     
  0.30225391548317937     
  0.30257888813226946     
  0.30284471773695215     
  0.30228226454235574     
  0.30182320878656999     
  0.30275776626116124     
  0.30286520941027018     
  0.30303467317246885     
  0.30421122241987902     
  0.30374819507057438     
  0.30333847388176172     
  0.30397598167252404     
  0.30466892819162888     
  0.30462664826781766     
  0.30433558550235540     
  0.30504685822954780     
  0.30558217250272912     
  0.30622550883639932     
  0.30530567903603500     
  0.30426780482803245     
  0.30428261648248150     
  0.30408889448206738     
  0.30474639353094712     
  0.30424318497220343     
  0.30456988890605191     
  0.30364022043858580     
  0.30307878134475419     
  0.30306588987235683     
  0.30248797512523484     
  0.30230414355079382     
  0.30291167162514721     
  0.30358176117595270     
  0.30333263869794358     
  0.30350264236213048     
  0.30362431212598245     
  0.30333136611817046     
  0.30271881575799198     
  0.30221443005081811     
  0.30207799674273833     
  0.30181462379441931     
  0.30270256564123232     
  0.30351476893718410     
  0.30336202488597119     
  0.30379091380932860     
  0.30365566876486977     
  0.30305734445381394     
  0.30320330370286680     
  0.30511440564634801     
  0.30486741951043589     
  0.30341698269061668     
  0.30355196465841333     
  0.30282750951951914     
  0.30389572247475222     
  0.30467074635369568     
  0.30338868212074360     
  0.30245026821213100     
  0.30325382902462661     
  0.30345647425647743     
  0.30381206474531569     
  0.30260020572342416     
  0.30177806698726661     
  0.30206639565283278     
  0.30174957454563867     
  0.30154937226771844     
  0.30271086193027102     
  0.30131788889635774     
  0.30160356387180642     
  0.30298966562650986     
  0.30333131303897182     
  0.30385816190965526     
  0.30432212965051347     
  0.30454594770134991     
  0.30442673326909286     
  0.30355199273868705     
  0.30440155422134912     
  0.30532639513136012     
  0.30574521282012507     
  0.30580628223108169     
  0.30538251254726129     
  0.30510988470588901     
  0.30579079868614678     
  0.30483993496594097     
  0.30521102816677287     
  0.30474636300777647     
  0.30492540600647478     
  0.30424967887502435     
  0.30249070468254907     
  0.30330700938323679     
  0.30386965086270890     
  0.30375972238335908     
  0.30413617886557937     
  0.30476133046969833     
  0.30496000263935591     
  0.30495948073360196     
  0.30523834347945833     
  0.30555772669439363     
  0.30536255463999101     
  0.30536459929706689     
  0.30526654316910629     
  0.30654278900083770     
  0.30756349629842655     
  0.30677385272634355     
  0.30634784464233389     
  0.30644153023801463     
  0.30616348352018524     
  0.30605435005801956     
  0.30582091427978059     
  0.30502093308691897     
  0.30560574147798142     
  0.30576166079297290     
  0.30574573949563089     
  0.30535701505586277     
  0.30546164101236245     
  0.30503242175422096     
  0.30553573735533823     
  0.30476614937873608     
  0.30496764453010666     
  0.30549492050751331     
  0.30666401719676240     
  0.30500916989276128     
  0.30486571367987120     
  0.30390753623776540     
  0.30391682332485920     
  0.30403812939632419     
  0.30404387611302008     
  0.30382455512066225     
  0.30470858987710064     
  0.30466204933697105     
  0.30473131816075089     
  0.30445587834263471     
  0.30456532955895826     
  0.30407018140662900     
  0.30236399038499917     
  0.30206611456729332     
  0.30305300286860387     
  0.30330919283235719     
  0.30391766351501448     
  0.30294409384975962     
  0.30331962724233841     
  0.30216130242326955     
  0.30242676562990345     
  0.30247794551528812     
  0.30235660937831599     
  0.30208568575925765     
  0.30242605665060929     
  0.30288755212409135     
  0.30265432603638825     
  0.30335378807540964     
  0.30358608473377158     
  0.30325272764235800     
  0.30343930633115990     
  0.30246025714488683     
  0.30347719619983637     
  0.30393590989955038     
  0.30359147844073014     
  0.30340687354984330     
  0.30362462126427281     
  0.30452548705194898     
  0.30484836938990012     
  0.30741858249168891     
  0.30706549743133721     
  0.30715201485218990     
  0.30646587368442357     
  0.30702681220901518     
  0.30611922609745112     
  0.30579406750117805     
  0.30455560460369607     
  0.30541011220621256     
  0.30543896323063835     
  0.30425791765058940     
  0.30405088827316240     
  0.30332593091761645     
  0.30301964833256384     
  0.30322669052533402     
  0.30204755357682650     
  0.30181940244734551     
  0.30217058722177276     
  0.30124050167280764     
  0.30132502869903588     
  0.30301859323350988     
  0.30326931652142747     
  0.30451107025425289     
  0.30389520365724082     
  0.30436967389200170     
  0.30518391236202402     
  0.30557363049996045     
  0.30547171776894044     
  0.30453522230661417     
  0.30442077115669591     
  0.30506208682002167     
  0.30626402496117983     
  0.30537136606563164     
  0.30586191354285402     
  0.30577531043632239     
  0.30434032581088083     
  0.30402896134100704     
  0.30453925981826974     
  0.30376534829923213     
  0.30431488529442308     
  0.30375704134764497     
  0.30330591736756762     
  0.30436223110000016     
  0.30423241085280911     
  0.30439938018590806     
  0.30348616958908814     
  0.30337171344962527     
  0.30433335256530225     
  0.30473320983604474     
  0.30492136472118131     
  0.30459470393562360     
  0.30374776343472121     
  0.30402206619349709     
  0.30425580359145982     
  0.30363991357686432     
  0.30365229348054418     
  0.30392068031249703     
  0.30460316998676890     
  0.30460079413586971     
  0.30373176000583735     
  0.30414950224525650     
  0.30338625215724441     
  0.30223383392717484     
  0.30175642388552265     
  0.30242543277796996     
  0.30269180121005251     
  0.30224837263959825     
  0.30257303015202203     
  0.30264428963764461     
  0.30277295995469733     
  0.30263512150527511     
  0.30328870699635174     
  0.30382049684560936     
  0.30422277064324865     
  0.30302808176902818     
  0.30248469297606689     
  0.30348864248968660     
  0.30415355827560514     
  0.30505137452245190     
  0.30467335623717640     
  0.30362685620793600     
  0.30340795487276306     
  0.30427142341071556     
  0.30391064913334964     
  0.30380131734794219     
  0.30468330760340712     
  0.30395412530321514     
  0.30383438844437832     
  0.30437317948643688     
  0.30344071772832204     
  0.30387516205899162     
  0.30352354105259932     
  0.30354481491482183     
  0.30499458535655949     
  0.30551465766463903     
  0.30557563108336327     
  0.30491117450531552     
  0.30425698374489923     
  0.30524670753532407     
  0.30355547556222867     
  0.30432898560955945     
  0.30440406534463488     
  0.30440398033403010     
  0.30387563077905144     
  0.30418781463848299     
  0.30287532748254486     
  0.30323577795315720     
  0.30366560434913237     
  0.30343376717814813     
  0.30366174787100048     
  0.30313938478409164     
  0.30343350319276519     
  0.30357553097270101     
  0.30406201180685616     
  0.30356992707296460     
  0.30244736636423064     
  0.30220221060865510     
  0.30226423479864245     
  0.30187890457733596     
  0.30168426183111713     
  0.30191772627199964     
  0.30135815866762855     
  0.30074256166740121     
  0.30120497790573197     
  0.30293853937027515     
  0.30388775241857396     
  0.30368308575844177     
  0.30372439493063569     
  0.30413096517461763     
  0.30416118557507194     
  0.30286833419561215     
  0.30425938152229953     
  0.30263840117871099     
  0.30429921938943455     
  0.30467456305712742     
  0.30589226575548417     
  0.30444577171531556     
  0.30470236312311627     
  0.30514869212092999     
  0.30410731298499399     
  0.30383417144563335     
  0.30385230069209024     
  0.30367360527623188     
  0.30343054485779147     
  0.30288153638548915     
  0.30325080137207766     
  0.30383467028640931     
  0.30390578798004630     
  0.30393355055256138     
  0.30275343240085473     
  0.30362864307603521     
  0.30337799496422474     
  0.30431931241075755     
  0.30366695774348268     
  0.30393446553892139     
  0.30301689379884056     
  0.30299367674759653     
  0.30255384002682484     
  0.30265353781400911     
  0.30165169961624527     
  0.30233585995183054     
  0.30274422379739047     
  0.30228450017203651     
  0.30275119376757009     
  0.30251131536516312     
  0.30352507195535988     
  0.30352635027568897     
  0.30415288365099274     
  0.30374394255491116     
  0.30377552683898140     
  0.30355318184295027     
  0.30344502470601248     
  0.30199462333614430     
  0.30220731342755175     
  0.30273308940121235     
  0.30296224142682221     
  0.30313345202475706     
  0.30388975442482530     
  0.30308656492655783     
  0.30312601244714260     
  0.30360935980334097     
  0.30300258012994324     
  0.30369195585279379     
  0.30336266804168344     
  0.30363635578349546     
  0.30324309274978589     
  0.30261115036425174     
  0.30297224123291261     
  0.30371031915144203     
  0.30253801531161423     
  0.30281735493995537     
  0.30288944249558764     
  0.30377243551317479     
  0.30264518950667241     
  0.30250742440641248     
  0.30216367550312689     
  0.30235587772636102     
  0.30381381408798785     
  0.30438058915822097     
  0.30496741466244859     
  0.30438509072609132     
  0.30521326393740322     
  0.30570123549037792     
  0.30662254132139022     
  0.30637579407583976     
  0.30602942634261421     
  0.30613282752077497     
  0.30578947134264584     
  0.30520658728342226     
  0.30428691803293889     
  0.30333793439076556     
  0.30301209063548434     
  0.30396758360220977     
  0.30475592363757237     
  0.30493548538131021     
  0.30541732354984580     
  0.30491684334942432     
  0.30505930348332827     
  0.30495987736911068     
  0.30462094619015490     
  0.30486991979384076     
  0.30507818990296526     
  0.30471173440540106     
  0.30496025119849296     
  0.30426742281948904     
  0.30471013821200066     
  0.30534103366783777     
  0.30511630992495253     
  0.30596439470925496     
  0.30488516082987688     
  0.30490004602405735     
  0.30528501266268371     
  0.30561258265749475     
  0.30623113382019779     
  0.30545726993103905     
  0.30454928236211204     
  0.30476454798176145     
  0.30361390652445369     
  0.30295521413033816     
  0.30258276602800205     
  0.30249970371508783     
  0.30345263471212641     
  0.30427679640705479     
  0.30424994588871923     
  0.30474002243614501     
  0.30408252145395409     
  0.30304247369554055     
  0.30339525997653205     
  0.30258390133497232     
  0.30345280564318416     
  0.30407126254821160     
  0.30455087173400774     
  0.30548207748174250     
  0.30576157434483064     
  0.30582154540466699     
  0.30551747209076568     
  0.30468793783313192     
  0.30482840418958601     
  0.30594876080443822     
  0.30533705077620660     
  0.30564059257665821     
  0.30436354406539617     
  0.30415589611520488     
  0.30515579745507942     
  0.30480312632703921     
  0.30459311422921959     
  0.30472128251060826     
  0.30464943550578066     
  0.30410783649184236     
  0.30422954111619427     
  0.30521100568644843     
  0.30553023128259132     
  0.30452463590088935     
  0.30490311098067591     
  0.30431335354791700     
  0.30418793567410823     
  0.30372882637141579     
  0.30353695961641264     
  0.30384418900086457     
  0.30453598384786884     
  0.30513265867722450     
  0.30572617970873550     
  0.30570864036059658     
  0.30601652402601026     
  0.30585171357393126     
  0.30522787262394679     
  0.30300954224373050     
  0.30239675017383832     
  0.30147152867368360     
  0.30164014379713416     
  0.30165615041955318     
  0.30214120183761284     
  0.30259136136233733     
  0.30230260004147358     
  0.30281972264614815     
  0.30292681157809925     
  0.30298297291022924     
  0.30295042732717542     
  0.30195940422696937     
  0.30248433092973109     
  0.30293609662836846     
  0.30234197379944766     
  0.30242344259693493     
  0.30202013560800323     
  0.30205952449475748     
  0.30306461354709108     
  0.30348851155198386     
  0.30284763774586587     
  0.30201753638586915     
  0.30193551437212007     
  0.30148959229664818     
  0.30170716842300893     
  0.30191719314395488     
  0.30233568823622858     
  0.30272277086178428     
  0.30248421150593796     
  0.30171499254336331     
  0.30242547956247412     
  0.30289902172427685     
  0.30185449695564742     
  0.30283429351174251     
  0.30305782568558354     
  0.30348497265137442     
  0.30271025463278806     
  0.30323936520739025     
  0.30296859506024176     
  0.30309390433382843     
  0.30323206002195890     
  0.30385077716928083     
  0.30453873692728561     
  0.30330963611028122     
  0.30360676727747993     
  0.30472150225618050     
  0.30487021280640397     
  0.30553198617993299     
  0.30395055255866960     
  0.30360047684029545     
  0.30401688472931110     
  0.30456586500392036     
  0.30430950884645908     
  0.30386547532776603     
  0.30332154454725907     
  0.30417283586114185     
  0.30384099939360021     
  0.30389600702162078     
  0.30446216365717643     
  0.30446693523329688     
  0.30462101872336195     
  0.30374347031528659     
  0.30396907683655872     
  0.30391721706712244     
  0.30507250207481895     
  0.30447445713047633     
  0.30506846737120569     
  0.30455313060923678     
  0.30430940415257723     
  0.30498681601998995     
  0.30511713700506760     
  0.30450925437155213     
  0.30468687326503574     
  0.30477510842413857     
  0.30445728791833593     
  0.30385877436190040     
  0.30356139273328603     
  0.30305003372024319     
  0.30362058202066045     
  0.30296952013720069     
  0.30463359956733405     
  0.30410704797696830     
  0.30420193482456770     
  0.30356075968933344     
  0.30388943907947108     
  0.30294397206514800     
  0.30300802120532894     
  0.30365168830462241     
  0.30256324715098537     
  0.30401275365172731     
  0.30337834163427407     
  0.30385902360303363     
  0.30269356576044359     
  0.30354821995816733     
  0.30341347601923424     
  0.30249413540029330     
  0.30227097156618843     
  0.30245785448934193     
  0.30205692279893520     
  0.30190333607569808     
  0.30228409039598786     
  0.30280249788674957     
  0.30235258705841889     
  0.30347546945159143     
  0.30388647415736769     
  0.30373314310522864     
  0.30466547513925635     
  0.30469373029579289     
  0.30507726888770637     
  0.30422145716090920     
  0.30431699768788495     
  0.30545467592079439     
  0.30550178715574400     
  0.30536208807750409     
  0.30525124717322122     
  0.30434638793248481     
  0.30395587017741682     
  0.30403192492051984     
  0.30411915250587268     
  0.30425458602520594     
  0.30419243483859265     
  0.30464709217650071     
  0.30422327598146959     
  0.30413077144412759     
  0.30401975563937222     
  0.30318541951616962     
  0.30365509759555614     
  0.30282680957640112     
  0.30314280981515956     
  0.30377778521718057     
  0.30216067047643025     
  0.30360485091566164     
  0.30384739122187426     
  0.30329035182434777     
  0.30307347927679873     
  0.30262625989671044     
  0.30360766868064404     
  0.30445672954158065     
  0.30563723927590253     
  0.30540437583715263     
  0.30612145294978171     
  0.30609129192035173     
  0.30599472517505222     
  0.30578409382313365     
  0.30524635396134092     
  0.30569425390791788     
  0.30504427334087758     
  0.30468757702886179     
  0.30468685225520614     
  0.30415693583162895     
  0.30294717579427655     
  0.30317811158189450     
  0.30327618147798197     
  0.30289905485666335     
  0.30398437098022035     
  0.30341523519418984     
  0.30388310941872027     
  0.30487615599486290     
  0.30499505384262982     
  0.30379163660113551     
  0.30383297890095029     
  0.30477610430868890     
  0.30408887488324421     
  0.30402175334720882     
  0.30410236972033822     
  0.30434037081506921     
  0.30444038117222355     
  0.30437864347874333     
  0.30370430567809925     
  0.30347163990753390     
  0.30384419360755022     
  0.30388329795194680     
  0.30527432780640684     
  0.30490631546685670     
  0.30573270665509550     
  0.30611423592790049     
  0.30589072018983549     
  0.30519871890775385     
  0.30443763932105217     
  0.30396874587672712     
  0.30398057983167992     
  0.30391881907393087     
  0.30301932156977834     
  0.30269357272217834     
  0.30242479822913171     
  0.30287944096943553     
  0.30245126501097902     
  0.30213159031715719     
  0.30244973716485130     
  0.30289164908863264     
  0.30373054101490793     
  0.30316439103917103     
  0.30317304054569888     
  0.30230619459644087     
  0.30314676321737122     
  0.30397125414133647     
  0.30450838292228805     
  0.30497227896494139     
  0.30466875595017279     
  0.30508518377982691     
  0.30333293980027792     
  0.30427686146781097     
