  0.21675090347567599     
  0.21667019212466981     
  0.21601462204571276     
  0.21569610265501954     
  0.21581570041397971     
  0.21561448355376414     
  0.21593937918193376     
  0.21625422661644536     
  0.21650085334735977     
  0.21655966648516176     
  0.21667918126392546     
  0.21656736724343106     
  0.21627356245880430     
  0.21658851021446537     
  0.21677737860445631     
  0.21664277253292150     
  0.21677813400898552     
  0.21659299045994307     
  0.21641280506627736     
  0.21567108170006075     
  0.21606156204504784     
  0.21610035575858622     
  0.21592629680820072     
  0.21580006818128494     
  0.21592864359830760     
  0.21585843840227217     
  0.21547683793883907     
  0.21551341675392272     
  0.21565285201293999     
  0.21589299096299594     
  0.21602824381233457     
  0.21543740661495445     
  0.21547335910909682     
  0.21519471523656700     
  0.21567382463044116     
  0.21535431030575897     
  0.21567465648017237     
  0.21597201421364745     
  0.21646129930486618     
  0.21709967466192542     
  0.21687425251754439     
  0.21640457621442546     
  0.21619729018729908     
  0.21611178746756915     
  0.21651722043020580     
  0.21687537860652725     
  0.21668452039578842     
  0.21605719509767302     
  0.21594248589685625     
  0.21538808819271171     
  0.21585874085102877     
  0.21617382921282502     
  0.21636908700522114     
  0.21629001874321824     
  0.21632257484949666     
  0.21658809900057827     
  0.21694342017364529     
  0.21627660396162862     
  0.21615067757731524     
  0.21621017872611470     
  0.21682743037381230     
  0.21681090441686279     
  0.21717709345891259     
  0.21738057278426998     
  0.21722171727408987     
  0.21751332626574216     
  0.21769314273974047     
  0.21792500156142747     
  0.21778363016982905     
  0.21806890661638192     
  0.21794740977336963     
  0.21781867958629689     
  0.21757241400305308     
  0.21759690024945164     
  0.21749630859784341     
  0.21774255070893062     
  0.21731369430593397     
  0.21742517703678313     
  0.21731402512272638     
  0.21776774043641359     
  0.21800775507188680     
  0.21872612407938979     
  0.21847819848063801     
  0.21853285300645869     
  0.21806431997730574     
  0.21788835372458379     
  0.21821258095304871     
  0.21824197488552688     
  0.21763380629385223     
  0.21786021533322941     
  0.21776231576376651     
  0.21781847662114406     
  0.21827490574836911     
  0.21831250685872547     
  0.21816967113670582     
  0.21775654474952527     
  0.21784991325080474     
  0.21810256339238554     
  0.21811769723741145     
  0.21760470129163476     
  0.21767095456376637     
  0.21788832364102154     
  0.21768284746366134     
  0.21717838421797797     
  0.21713178098553806     
  0.21714883117165712     
  0.21705149523123698     
  0.21694341402827044     
  0.21764051475674340     
  0.21771502489704517     
  0.21773232998185837     
  0.21794118053332145     
  0.21793802922301750     
  0.21823030823431622     
  0.21783375536297495     
  0.21801044204313419     
  0.21847745299819082     
  0.21804204428252064     
  0.21813281555252176     
  0.21745557356950243     
  0.21704470964316921     
  0.21690382949379394     
  0.21639606099638528     
  0.21664846175167385     
  0.21658868361276665     
  0.21634469740738202     
  0.21666362065662834     
  0.21688874286405113     
  0.21731020586088476     
  0.21711887026213963     
  0.21692724598708121     
  0.21724286236567569     
  0.21793437838838581     
  0.21782570382887001     
  0.21774201168063237     
  0.21763933867512975     
  0.21740221664960521     
  0.21736552860442723     
  0.21771064534680601     
  0.21793642766410468     
  0.21779140239444406     
  0.21784361036441194     
  0.21818615100254604     
  0.21828365259721560     
  0.21829589198102259     
  0.21837443285679223     
  0.21795071925119405     
  0.21862834167639078     
  0.21906685079951482     
  0.21892216038376999     
  0.21841811538513631     
  0.21800691777243225     
  0.21758260128962670     
  0.21773029536356617     
  0.21826748257616743     
  0.21818281790663169     
  0.21862708468556008     
  0.21883684689881330     
  0.21858491362545654     
  0.21841144244227606     
  0.21827880848471465     
  0.21871032608346672     
  0.21843886663008349     
  0.21843528965800965     
  0.21826226612035413     
  0.21820183038543320     
  0.21859940626593091     
  0.21928627480021887     
  0.21898900235616664     
  0.21855138043378289     
  0.21883785766898348     
  0.21877917648600320     
  0.21845286925237356     
  0.21781820373865027     
  0.21825394801619605     
  0.21765877446793028     
  0.21745291480179446     
  0.21690397849784493     
  0.21721187346605500     
  0.21662230953465642     
  0.21691124997176001     
  0.21703202910467467     
  0.21629412529487102     
  0.21682694163371166     
  0.21638280052669326     
  0.21692200427081895     
  0.21705373616280843     
  0.21681221567060122     
  0.21651229098692368     
  0.21583409268043469     
  0.21556812361001756     
  0.21584821373940485     
  0.21580668516875487     
  0.21586514164685658     
  0.21591436473471839     
  0.21585064807102106     
  0.21619304524485908     
  0.21608626069484629     
  0.21597868541466292     
  0.21634794677084757     
  0.21666247634222785     
  0.21682852202391534     
  0.21678460957342863     
  0.21674434271262824     
  0.21675419541129676     
  0.21704910948286876     
  0.21716179998071453     
  0.21657545955064056     
  0.21647887038540067     
  0.21674237806638644     
  0.21704515579614703     
  0.21691331832437669     
  0.21683162612180476     
  0.21663602105610494     
  0.21648129106396713     
  0.21620507208305839     
  0.21668676627084069     
  0.21669666186806494     
  0.21669946904216719     
  0.21667303504812169     
  0.21668741400789235     
  0.21673678555945236     
  0.21696323491790073     
  0.21650496806186151     
  0.21671698534766354     
  0.21649607194426021     
  0.21584964988564040     
  0.21585188914032249     
  0.21624308654554941     
  0.21623263064557213     
  0.21598620006871280     
  0.21557702208307516     
  0.21534532009047250     
  0.21536275967839008     
  0.21515113765991561     
  0.21558804136258650     
  0.21572383168316700     
  0.21626750697230557     
  0.21637824070439482     
  0.21615545440213330     
  0.21577859793737691     
  0.21623506944944418     
  0.21605998714267177     
  0.21538640449314869     
  0.21492686854582119     
  0.21488966558191719     
  0.21488345779577184     
  0.21514622655737164     
  0.21570506260026837     
  0.21539864296704497     
  0.21549833878472308     
  0.21558975227189853     
  0.21585562322295929     
  0.21541070925201231     
  0.21496617148557998     
  0.21551268213280114     
  0.21552445245507965     
  0.21515839170180959     
  0.21518891728414963     
  0.21501458553949918     
  0.21526404595519252     
  0.21547763202026848     
  0.21577943377213946     
  0.21537797734520800     
  0.21563993935320530     
  0.21538747902103225     
  0.21542105445115770     
  0.21581694843819663     
  0.21577821247625820     
  0.21594862070432166     
  0.21594007066986901     
  0.21592325642113580     
  0.21573013134287730     
  0.21637083661194226     
  0.21687959523773523     
  0.21696991741300900     
  0.21744068302387820     
  0.21734170912283551     
  0.21776604596422047     
  0.21826216486033309     
  0.21845922241867313     
  0.21836478706693024     
  0.21857626557896342     
  0.21855861621225681     
  0.21798463132861751     
  0.21765840426273583     
  0.21804629801688041     
  0.21756367687257794     
  0.21781017926020066     
  0.21765734359701394     
  0.21695281147689652     
  0.21652967750476462     
  0.21686836615592114     
  0.21692897779350873     
  0.21677584284797419     
  0.21697069875079264     
  0.21735309497334679     
  0.21709606195439923     
  0.21706713129804450     
  0.21701882299870931     
  0.21720675001565326     
  0.21746214376074727     
  0.21705306174051828     
  0.21733850510864991     
  0.21788215763458874     
  0.21787155063837937     
  0.21817972039293973     
  0.21782624794326425     
  0.21716529898786713     
  0.21737040027013715     
  0.21759855275556944     
  0.21776633625891420     
  0.21742516975530762     
  0.21699657079073201     
  0.21732004387703341     
  0.21706360301548064     
  0.21766367382396623     
  0.21732852021324420     
  0.21759522265155171     
  0.21694753088673674     
  0.21736553200165545     
  0.21741434686394864     
  0.21758556270131690     
  0.21708850261598978     
  0.21695350027625840     
  0.21617231159837785     
  0.21600730092679599     
  0.21584505634796439     
  0.21641517534984989     
  0.21594519678529048     
  0.21610323223939781     
  0.21601591831163547     
  0.21575839609914510     
  0.21601105265470680     
  0.21622838534000047     
  0.21591969766142272     
  0.21608256580153315     
  0.21596118309505058     
  0.21552183555520027     
  0.21555910776844850     
  0.21566869070567260     
  0.21550555298143281     
  0.21513629381979466     
  0.21562329515074996     
  0.21550445694076359     
  0.21557412047077462     
  0.21576398602724359     
  0.21534732359079262     
  0.21496819266154682     
  0.21513541866296587     
  0.21517359381278486     
  0.21560678294229732     
  0.21583649716489045     
  0.21627097665524456     
  0.21649294573943792     
  0.21743437641301672     
  0.21743162456739293     
  0.21722367512237378     
  0.21692545199340973     
  0.21701885622217773     
  0.21621467582992229     
  0.21662350473223030     
  0.21647753320936181     
  0.21657864314661121     
  0.21615155866226818     
  0.21647349884691691     
  0.21647391072516819     
  0.21655231509148384     
  0.21685039602901640     
  0.21671012436987330     
  0.21638870503112803     
  0.21642599396847287     
  0.21556497929627089     
  0.21622304449427732     
  0.21623609995708043     
  0.21601970523700781     
  0.21588276189128966     
  0.21688066270169296     
  0.21689299656465172     
  0.21734755179540574     
  0.21769368004769765     
  0.21779824740110101     
  0.21761060519944878     
  0.21737602340640497     
  0.21657388731716476     
  0.21651434826320870     
  0.21650907881663253     
  0.21671708431028894     
  0.21677792335616999     
  0.21718916851224851     
  0.21767759072853532     
  0.21727700570902783     
  0.21750866472085353     
  0.21703940656906190     
  0.21717990285757524     
  0.21782257378756345     
  0.21780599486724228     
  0.21779817501591830     
  0.21752546607764089     
  0.21714233865592963     
  0.21763251699266761     
  0.21744461746875354     
  0.21719006521311832     
  0.21743458648623601     
  0.21742059058215091     
  0.21739433221952045     
  0.21748414750442488     
  0.21727491981985400     
  0.21720383587368430     
  0.21701003188120382     
  0.21720672101245186     
  0.21708881022353912     
  0.21699356759414357     
  0.21673194476974161     
  0.21639551337458637     
  0.21647178510592188     
  0.21618015608987912     
  0.21670172026318543     
  0.21610797168447315     
  0.21642627663741534     
  0.21668656029987679     
  0.21678541809458587     
  0.21702781384018641     
  0.21754413515066162     
  0.21763508174785590     
  0.21715138222872918     
  0.21722697590764331     
  0.21670240333471133     
  0.21676296782366700     
  0.21667332485275917     
  0.21596192287269445     
  0.21592525833007567     
  0.21582475142808338     
  0.21603693583552683     
  0.21594492796334283     
  0.21601506137937923     
  0.21519354726280657     
  0.21536200493990534     
  0.21544116017117801     
  0.21591698644659205     
  0.21598468047812100     
  0.21609173819394226     
  0.21619731391961669     
  0.21638763314523757     
  0.21702488901522846     
  0.21692932946192761     
  0.21699201887854686     
  0.21666989248301965     
  0.21689482820110575     
  0.21696814245674007     
  0.21747928045335835     
  0.21772449638322641     
  0.21757332938481255     
  0.21745605630013060     
  0.21718213470557790     
  0.21761247446957233     
  0.21747405607565076     
  0.21717544285380386     
  0.21745821263757270     
  0.21754265835835099     
  0.21825623081704729     
  0.21866507458467724     
  0.21885185134161544     
  0.21887980011558819     
  0.21882452870791458     
  0.21852319640405971     
  0.21822428861461779     
  0.21792081763384871     
  0.21828386145931111     
  0.21807061763822608     
  0.21796160905402839     
  0.21806664202353257     
  0.21784983579970341     
  0.21791823511425348     
  0.21787892985586638     
  0.21743654266204923     
  0.21705189209003350     
  0.21724672528719097     
  0.21736359620434290     
  0.21734429412628714     
  0.21769422242681122     
  0.21772101290532608     
  0.21784847387700812     
  0.21835802226782533     
  0.21894733575464581     
  0.21950420127116396     
  0.21948610608623076     
  0.21965768335844094     
  0.21935175091637396     
  0.21927762344964502     
  0.21921908553086061     
  0.21954703959848393     
  0.21863384165808328     
  0.21859572494348462     
  0.21858178464924738     
  0.21838260188713307     
  0.21840896068885637     
  0.21842878000634680     
  0.21837524845554518     
  0.21810660260990783     
  0.21805181363760051     
  0.21800085487788659     
  0.21787507063834355     
  0.21769822597007560     
  0.21728289003540416     
  0.21713404937598574     
  0.21721769885885284     
  0.21689550277889330     
  0.21691974392736402     
  0.21618000600689097     
  0.21590269767011819     
  0.21586450438894536     
  0.21578669101067446     
  0.21575142740093350     
  0.21580487280327967     
  0.21607265465108028     
  0.21621144085003938     
  0.21649967646759616     
  0.21645327764300912     
  0.21672811756824514     
  0.21710785854632741     
  0.21708815239492063     
  0.21723497308086631     
  0.21773812046651220     
  0.21769222332101548     
  0.21779035305667682     
  0.21739451837087387     
  0.21744814631304119     
  0.21711106549292331     
  0.21668140259607735     
  0.21680329189829228     
  0.21709448257282585     
  0.21721026174643229     
  0.21710161536466249     
  0.21701168315854347     
  0.21702240531912498     
  0.21735203766174274     
  0.21759905311013483     
  0.21736959139445805     
  0.21796931122128632     
  0.21778825806867744     
  0.21802042305818964     
  0.21792490767620781     
  0.21771069769651044     
  0.21750940732877236     
  0.21759704604363880     
  0.21786649815416359     
  0.21787499822575179     
  0.21712462244536260     
  0.21703178147535815     
  0.21728313386205036     
  0.21710105580579891     
  0.21689375869671734     
  0.21656763486957312     
  0.21705137185676326     
  0.21729270446919968     
  0.21763313250200148     
  0.21808361342829011     
  0.21797840613308347     
  0.21785884834726019     
  0.21821646052807211     
  0.21837310201266097     
  0.21792317028793087     
  0.21794571666363860     
  0.21800348061289260     
  0.21807655085755234     
  0.21775997753414419     
  0.21763774963200253     
  0.21715666671364309     
  0.21690641481151848     
  0.21681377884558126     
  0.21723405321377981     
  0.21703529965302701     
  0.21717780318527916     
  0.21701790235284568     
  0.21697821734490921     
  0.21700698317415965     
  0.21690756016157939     
  0.21683630576292098     
  0.21677296395867843     
  0.21700397241658753     
  0.21653366522199766     
  0.21627500458345728     
  0.21638392468507717     
  0.21602957058666086     
  0.21558407801164853     
  0.21539879456063113     
  0.21560898643580204     
  0.21544223178477187     
  0.21543234947489073     
  0.21562507058438921     
  0.21581934220084639     
  0.21618893012167353     
  0.21617717460719418     
  0.21707183279580466     
  0.21688424306237550     
  0.21709439977741146     
  0.21753799864908263     
  0.21709703271308531     
  0.21768201996855827     
  0.21777704669455142     
  0.21790658699456514     
  0.21814889277382649     
  0.21884135529515400     
  0.21829637280539221     
  0.21846238553105057     
  0.21786148082441850     
  0.21745470741927109     
  0.21797971663005319     
  0.21773491621471952     
  0.21767668974098803     
  0.21798136969180887     
  0.21799643496178647     
  0.21832694512813600     
  0.21868184458188697     
  0.21851816061504684     
  0.21806491849030635     
  0.21788454888958825     
  0.21756240603184290     
  0.21701749912411417     
  0.21709683349233000     
  0.21691582096537013     
  0.21710890476159028     
  0.21709679442364263     
  0.21736341868488551     
  0.21760043247955224     
  0.21759229652101647     
  0.21747185413989917     
  0.21733591554135093     
  0.21707371706310277     
  0.21698015047061059     
  0.21714561877827029     
  0.21738457681318679     
  0.21767336748508431     
  0.21793568854451986     
  0.21787698779276782     
  0.21820810144423064     
  0.21808854705094552     
  0.21769939610650127     
  0.21741220651829232     
  0.21707078118919548     
  0.21701046071311728     
  0.21635116812150920     
  0.21705974182668281     
  0.21672872194212525     
  0.21715182444817482     
  0.21695584823421887     
  0.21721363566353433     
  0.21754329904581121     
  0.21724211693212700     
  0.21758792130110460     
  0.21805253358581977     
  0.21803727795835515     
  0.21807950410401011     
  0.21753511712646556     
  0.21726022497581601     
  0.21747894394092379     
  0.21806979937321919     
  0.21676902306633924     
  0.21662767150303675     
  0.21667488599785131     
  0.21698910534482957     
  0.21733731185044949     
  0.21737680301915954     
  0.21733202924367678     
  0.21729673007884992     
  0.21710306372865001     
  0.21769581622778589     
  0.21741042888582143     
  0.21738302018944125     
  0.21760750773861062     
  0.21701010269855278     
  0.21682606243110872     
  0.21679427196069814     
  0.21674740113745197     
  0.21628834694582910     
  0.21598014271367796     
  0.21582761359526870     
  0.21547036665463867     
  0.21578499877870877     
  0.21643160617833318     
  0.21651459794904587     
  0.21646409913040568     
  0.21642010140529511     
  0.21657913868752218     
  0.21633319368840503     
  0.21678791968499800     
  0.21680377538771245     
  0.21666879235826628     
  0.21615937849692823     
  0.21596098619876125     
  0.21613470004479562     
  0.21576172208247346     
  0.21575506540827619     
  0.21581497741301098     
  0.21582613515976790     
  0.21563994727387428     
  0.21561935690298553     
  0.21616760569852780     
  0.21690440754565699     
  0.21692955572269720     
  0.21661891189516036     
  0.21691396640504546     
  0.21772025090394423     
  0.21733988947298444     
  0.21730945553708517     
  0.21722085076319492     
  0.21662017231604541     
  0.21667150844130958     
  0.21661061883852198     
  0.21681296666784025     
  0.21687203948877984     
  0.21620962366761953     
  0.21632272802209879     
  0.21638652796671778     
  0.21647000205510039     
  0.21674778625985028     
  0.21733467354616706     
  0.21752890976924674     
  0.21726649961137692     
  0.21722075416104744     
  0.21717687886314707     
  0.21716410950123649     
  0.21770861769265915     
  0.21770843953632460     
  0.21721929718500926     
  0.21747549461663260     
  0.21739435711406510     
  0.21719647261517158     
  0.21769814777573207     
  0.21728995746716687     
  0.21769396586960355     
  0.21779424189045704     
  0.21768066793151666     
  0.21807871354999062     
  0.21898967582478596     
  0.21857196449703414     
  0.21855578898635225     
  0.21857595345849221     
  0.21845869759391798     
  0.21875304400507115     
  0.21900269350185597     
  0.21903797087350663     
  0.21853010912734150     
  0.21866802424725962     
  0.21827558747514181     
  0.21786293167345505     
  0.21792772830781662     
  0.21724847978235937     
  0.21705708303151103     
  0.21711911073228340     
  0.21770910921915118     
  0.21773960405910520     
  0.21719836400761916     
  0.21741191383092873     
  0.21707249491342484     
  0.21708917041203440     
  0.21625174056388971     
  0.21621518890356664     
  0.21608664048879325     
  0.21614739274749969     
  0.21652174943499561     
  0.21708474897357807     
  0.21702524478941929     
  0.21689890964867761     
  0.21661771835969604     
  0.21639938407803078     
  0.21661597010414985     
  0.21678147728038216     
  0.21678512840993946     
  0.21652619706882267     
  0.21652157253942203     
  0.21648030861318840     
  0.21658435843644797     
  0.21705866445281644     
  0.21689443849240969     
  0.21696194341077216     
  0.21646190249962310     
  0.21685527726888920     
  0.21659943583800539     
  0.21700292736755727     
  0.21680392619479660     
  0.21732561139444898     
  0.21709656532714652     
  0.21729808727940977     
  0.21746118277357690     
  0.21747586591360621     
  0.21776941187766885     
  0.21766102624935413     
  0.21739370203803426     
  0.21717499136880272     
  0.21709486509683013     
  0.21694015485794607     
  0.21733045662230271     
  0.21731757289970743     
  0.21709181292427010     
  0.21712090413956417     
  0.21672205676650791     
  0.21666252288387913     
  0.21647757296260253     
  0.21610769052004178     
  0.21604637820377515     
  0.21587533229117795     
  0.21579292765520700     
  0.21558490786749179     
  0.21551568249447736     
  0.21565478666184243     
  0.21597609489232533     
  0.21640761835650768     
  0.21685965743334848     
  0.21678451178114211     
  0.21606961848548034     
  0.21641194068197941     
  0.21646433067069765     
  0.21652099078719583     
  0.21683823905462579     
  0.21688461073193627     
  0.21679638515678407     
  0.21677576838790885     
  0.21623816625239012     
  0.21668754935244167     
  0.21705366260878620     
  0.21712822595787670     
  0.21724525028808117     
  0.21757362707449224     
  0.21760893474665585     
  0.21732468931966556     
  0.21771596836263130     
  0.21748537267174939     
  0.21774659980756192     
  0.21807747351168041     
  0.21785328648667487     
  0.21801493387111018     
  0.21775600775997175     
  0.21734041155209080     
  0.21740302699089806     
  0.21699366846826587     
  0.21705608454376218     
  0.21721672278765317     
  0.21772633312713091     
  0.21786746947265126     
  0.21741988414443866     
  0.21667508149558468     
  0.21719667663349043     
  0.21720574407083210     
  0.21697514451426769     
  0.21730110717814852     
  0.21704666729289385     
  0.21636756948559324     
  0.21604707520268912     
  0.21590051090564752     
  0.21655702541294655     
  0.21622901771462330     
  0.21638623542076502     
  0.21652082995589736     
  0.21610870156910209     
  0.21587215058046097     
  0.21628700498351180     
  0.21646306459744394     
  0.21650697288022164     
  0.21700984694972988     
  0.21675483413995375     
  0.21654149380450965     
  0.21690606396759349     
  0.21720674483898633     
  0.21735288668697444     
  0.21723845325970237     
  0.21754837652717071     
  0.21786948434759973     
  0.21823437257671766     
  0.21785265268626622     
  0.21731041844062379     
  0.21725996024994140     
  0.21730945424879092     
  0.21773103599905383     
  0.21745997552094209     
  0.21759944198515874     
  0.21723224749315037     
  0.21684692387900839     
  0.21684004370350907     
  0.21638543636077870     
  0.21630799874627010     
  0.21654272071228292     
  0.21689914647627337     
  0.21672775948752579     
  0.21672558246223417     
  0.21668772842014339     
  0.21653833466814418     
  0.21627037343505837     
  0.21587168065907586     
  0.21591488156733363     
  0.21562195992128153     
  0.21598093969164830     
  0.21642441947278365     
  0.21639952736322768     
  0.21661451281922070     
  0.21663335623714605     
  0.21637410911885488     
  0.21646757515917467     
  0.21736451121424488     
  0.21727920952800020     
  0.21661091685516595     
  0.21672773621380542     
  0.21626074898166858     
  0.21679215153283526     
  0.21726664576016091     
  0.21688949176088224     
  0.21636304634896131     
  0.21674322600234044     
  0.21674587694742289     
  0.21685984286091922     
  0.21613846396696146     
  0.21568470554961972     
  0.21576792773897654     
  0.21554440542432773     
  0.21531376263171922     
  0.21586299644500803     
  0.21510534259401060     
  0.21527117651486991     
  0.21606101820962620     
  0.21622883714922220     
  0.21657109852134496     
  0.21686889200785103     
  0.21710396011942032     
  0.21703514129426138     
  0.21675843405062403     
  0.21714326204956563     
  0.21759342893157477     
  0.21781382741636215     
  0.21792728098512412     
  0.21774404780939852     
  0.21771349247917210     
  0.21769494158093100     
  0.21732377744313525     
  0.21750774368879955     
  0.21735649712173383     
  0.21748134540787983     
  0.21710058134683688     
  0.21623357885764180     
  0.21647995857091365     
  0.21676452124078896     
  0.21678448838551584     
  0.21710478117689841     
  0.21741943849995923     
  0.21779786584770738     
  0.21784279870226234     
  0.21792510278169147     
  0.21805250223408210     
  0.21798765954743662     
  0.21786483897493103     
  0.21765295033752399     
  0.21840290714258132     
  0.21896733490789194     
  0.21874190651294426     
  0.21879168434673560     
  0.21876175999616801     
  0.21873790975319010     
  0.21876119599174246     
  0.21866518052004569     
  0.21827585700232968     
  0.21861924818461545     
  0.21867672759076845     
  0.21844486747952160     
  0.21829293569245217     
  0.21846577746322940     
  0.21822498866694601     
  0.21845391925073135     
  0.21800640978986402     
  0.21823917472236801     
  0.21858309354844002     
  0.21903581483843784     
  0.21838965310434744     
  0.21827145371866824     
  0.21792622910936088     
  0.21794662792917885     
  0.21790509033959490     
  0.21788534160599107     
  0.21790814321686316     
  0.21831685587465144     
  0.21831889013520406     
  0.21832621911511546     
  0.21816498483051153     
  0.21803235786651637     
  0.21764840190198034     
  0.21662842523326417     
  0.21637019737340457     
  0.21667902184477361     
  0.21677213241237156     
  0.21704612351324704     
  0.21662773735316976     
  0.21687186607794862     
  0.21607740305242937     
  0.21600879223715050     
  0.21609971108353696     
  0.21595643012167173     
  0.21574378322684487     
  0.21593080247921112     
  0.21611081265199250     
  0.21602968562820962     
  0.21653642879565457     
  0.21669687928759623     
  0.21645750390637464     
  0.21665206790018782     
  0.21616619365156173     
  0.21657324953906407     
  0.21684859539717044     
  0.21668728164205173     
  0.21655456750849802     
  0.21661269162766270     
  0.21718943555706929     
  0.21758364080408688     
  0.21888758518929757     
  0.21887774558906231     
  0.21905694364750797     
  0.21870119447271619     
  0.21892947824256637     
  0.21844989379324731     
  0.21831339048123838     
  0.21783607691739368     
  0.21821757559541249     
  0.21839295748641846     
  0.21764464527803337     
  0.21757538298058421     
  0.21722180968715132     
  0.21701322675240287     
  0.21711945497538571     
  0.21643831010767245     
  0.21629443047256197     
  0.21648113062123012     
  0.21587575922271257     
  0.21596716800940058     
  0.21681952100504973     
  0.21676154622224456     
  0.21738766324037068     
  0.21730423366973250     
  0.21746400431695614     
  0.21796926589339335     
  0.21811226677948861     
  0.21800436206485355     
  0.21750864664696631     
  0.21772170114981126     
  0.21799990902190666     
  0.21837802632355235     
  0.21802194554058293     
  0.21837554378876864     
  0.21833203286481842     
  0.21768193015367160     
  0.21754399850599096     
  0.21767559144536855     
  0.21729806989437772     
  0.21738786914332578     
  0.21710062115739789     
  0.21689604567995655     
  0.21725790599958056     
  0.21706400637355117     
  0.21711966931850743     
  0.21668189156376894     
  0.21649456407674891     
  0.21712129469654254     
  0.21734087814426237     
  0.21749909810835338     
  0.21730993331576282     
  0.21701805736110841     
  0.21730220587911878     
  0.21738178029336902     
  0.21721951868835926     
  0.21719402143319291     
  0.21716768670597711     
  0.21749546461123145     
  0.21738111398202656     
  0.21689534004015262     
  0.21699548255245821     
  0.21658693513296942     
  0.21597844531314089     
  0.21572594469366529     
  0.21589202796502377     
  0.21582493423349539     
  0.21563023763693853     
  0.21579737284808909     
  0.21584435822126868     
  0.21597580946125683     
  0.21585684130510685     
  0.21629794246960449     
  0.21645043624625662     
  0.21669090721070516     
  0.21608546818641169     
  0.21591985214935921     
  0.21626072846881195     
  0.21663960809105509     
  0.21719198279290708     
  0.21719308813348348     
  0.21673677646454384     
  0.21669397012241612     
  0.21719555862930442     
  0.21699846187315402     
  0.21699610200569541     
  0.21738774464773147     
  0.21703947419895114     
  0.21699418733098227     
  0.21721633992112943     
  0.21668473047750164     
  0.21685414465698949     
  0.21666211570724225     
  0.21679945418181196     
  0.21673460082488935     
  0.21706366227731541     
  0.21742476759788124     
  0.21710330099292180     
  0.21701480871440046     
  0.21752494565948288     
  0.21667454839251249     
  0.21716786336952179     
  0.21728467445776559     
  0.21741847004935533     
  0.21713757586839086     
  0.21718718526404623     
  0.21651423560314906     
  0.21671270830049588     
  0.21677564574306074     
  0.21662669071335774     
  0.21676709341726744     
  0.21647980892125948     
  0.21658101572000191     
  0.21660549339434843     
  0.21687555537025863     
  0.21658088210412127     
  0.21604253233083853     
  0.21584090248206705     
  0.21581105568580911     
  0.21568191518828758     
  0.21543464556511197     
  0.21573525913763647     
  0.21555133517852895     
  0.21519961183096720     
  0.21537978246625811     
  0.21616833820688744     
  0.21663771091164569     
  0.21658374927130572     
  0.21677441884091905     
  0.21692482983334860     
  0.21705116310139075     
  0.21628316740884321     
  0.21689259712539646     
  0.21619639646933986     
  0.21691776985168734     
  0.21715962934360183     
  0.21776735540507819     
  0.21711566562540735     
  0.21726714595819061     
  0.21755655956540976     
  0.21714024614940228     
  0.21700006248806289     
  0.21697934800089277     
  0.21686830151255754     
  0.21669466113466426     
  0.21649163371023861     
  0.21686105419386792     
  0.21703961307589228     
  0.21708208872674101     
  0.21710956592156860     
  0.21646929414343982     
  0.21673912445067026     
  0.21656432501928696     
  0.21702118179920948     
  0.21673233228118030     
  0.21699690861306672     
  0.21653031682903881     
  0.21651842895946280     
  0.21637777890458396     
  0.21627035042644760     
  0.21582735555230140     
  0.21600140861953943     
  0.21608092395639930     
  0.21585069033623333     
  0.21606207289334681     
  0.21590338256220576     
  0.21626049749552828     
  0.21614598493302092     
  0.21650493235090365     
  0.21627090170876884     
  0.21644204880333612     
  0.21640601958825209     
  0.21630820443977208     
  0.21550674775587234     
  0.21566810184994409     
  0.21610148568378970     
  0.21628139605903698     
  0.21628840386281345     
  0.21662046667628621     
  0.21632367018160575     
  0.21628037310922665     
  0.21652351406170026     
  0.21624939713594912     
  0.21659161315655648     
  0.21644736433894987     
  0.21655301945660074     
  0.21641665868861831     
  0.21610894289659319     
  0.21609369872396489     
  0.21641999822886077     
  0.21600339655504708     
  0.21617362160439038     
  0.21628873621937988     
  0.21665820086727977     
  0.21630516061257685     
  0.21616316628502305     
  0.21601423363802147     
  0.21613141232529004     
  0.21670311144361024     
  0.21697027054107701     
  0.21734293710807223     
  0.21716824862071257     
  0.21752682095964512     
  0.21779871356740046     
  0.21844056168157835     
  0.21849562883865678     
  0.21845244988230003     
  0.21845613959817739     
  0.21836150199841431     
  0.21825862262571391     
  0.21769568449089263     
  0.21726375664756195     
  0.21706503708509209     
  0.21762000185637470     
  0.21798578181551106     
  0.21784990287314249     
  0.21817327126670141     
  0.21806807675470016     
  0.21827980496856295     
  0.21804570449571106     
  0.21773886595520017     
  0.21795402944639961     
  0.21808047338049003     
  0.21783553577199977     
  0.21809299530531112     
  0.21772315342489668     
  0.21784815959183546     
  0.21819199829533095     
  0.21813371396670561     
  0.21854397642427884     
  0.21810507039139898     
  0.21807729783812094     
  0.21798688889280063     
  0.21801222109631954     
  0.21838622697455207     
  0.21804859075656124     
  0.21749485339066382     
  0.21738400302304833     
  0.21692644908828632     
  0.21672030228729719     
  0.21647962629193288     
  0.21636891334002784     
  0.21675191618689080     
  0.21717907833800959     
  0.21713487830242503     
  0.21743758590738391     
  0.21707477232481617     
  0.21674835583189092     
  0.21691435659754191     
  0.21641831742336190     
  0.21675494458422795     
  0.21694979695346570     
  0.21733705001552689     
  0.21779575029222664     
  0.21796468695513974     
  0.21794443646238715     
  0.21792021152670724     
  0.21753982491883969     
  0.21750096482748485     
  0.21798213744212883     
  0.21777371610262813     
  0.21814903964321228     
  0.21739493034240448     
  0.21738082664966954     
  0.21772089756821628     
  0.21752514240430154     
  0.21749419171562639     
  0.21761985234292922     
  0.21759493224271390     
  0.21755601455140730     
  0.21746880710700167     
  0.21788736008898918     
  0.21815059438644463     
  0.21769851755462161     
  0.21793509937313010     
  0.21754864369327762     
  0.21748964153976538     
  0.21741187875126863     
  0.21733546764225722     
  0.21736533027793623     
  0.21767588833132162     
  0.21799516296946397     
  0.21826135551885481     
  0.21838425259742839     
  0.21849410776198860     
  0.21833443900033062     
  0.21803749566227371     
  0.21698222958017993     
  0.21674588583117643     
  0.21605129048479293     
  0.21602221062516455     
  0.21598001530494718     
  0.21638200344556136     
  0.21651566603166297     
  0.21621234109625148     
  0.21647953543142298     
  0.21631591998907340     
  0.21638661090433969     
  0.21648564202235690     
  0.21607523690697808     
  0.21619686415316011     
  0.21626722935585055     
  0.21612910246450009     
  0.21602377471533563     
  0.21571300280322997     
  0.21570852073772709     
  0.21611862926788936     
  0.21635337267920135     
  0.21611320256075306     
  0.21568693436889722     
  0.21558563134202263     
  0.21564895940447448     
  0.21574050329319311     
  0.21571835328863509     
  0.21597441547359308     
  0.21610946631513681     
  0.21604293033690175     
  0.21553420792855643     
  0.21570721254881120     
  0.21582413762384264     
  0.21534801373270890     
  0.21562359516416005     
  0.21568356700101673     
  0.21579276611792006     
  0.21544346656677463     
  0.21599131312611314     
  0.21573312478058801     
  0.21572034587478142     
  0.21579349083411165     
  0.21625273258232927     
  0.21666439624034184     
  0.21621651556513541     
  0.21644136029285183     
  0.21692295421562566     
  0.21719536288211713     
  0.21763500100584865     
  0.21680500095925781     
  0.21677605481651641     
  0.21700847920385924     
  0.21735459189159154     
  0.21736981324034574     
  0.21714942971974655     
  0.21684512312096235     
  0.21703559638266948     
  0.21696182750385745     
  0.21694813128366069     
  0.21714269064640732     
  0.21715543154994252     
  0.21718704013186813     
  0.21691179494065405     
  0.21682003599565713     
  0.21689126506648776     
  0.21738192950915680     
  0.21705695361450295     
  0.21737035933287577     
  0.21710301889554587     
  0.21713206593106388     
  0.21754173730567633     
  0.21764788933864915     
  0.21758407968792340     
  0.21770055699015051     
  0.21779982972834716     
  0.21775838437174669     
  0.21743780489598497     
  0.21698904951527359     
  0.21646553872269980     
  0.21670438108849463     
  0.21634781546048440     
  0.21716130987715421     
  0.21693910443273873     
  0.21683489849488288     
  0.21645705743064089     
  0.21643302491208072     
  0.21614154238864230     
  0.21616482991970254     
  0.21636708224015327     
  0.21593314755442275     
  0.21647188303106749     
  0.21620827347120566     
  0.21647083497246045     
  0.21598787241798148     
  0.21637481158426983     
  0.21621834914597657     
  0.21574870173951780     
  0.21562125047993935     
  0.21567028127262053     
  0.21557840212933055     
  0.21565668194023932     
  0.21571349792492783     
  0.21602835376085963     
  0.21574344664989045     
  0.21633613736105825     
  0.21648097987025389     
  0.21637002033178498     
  0.21700284669199960     
  0.21706688879010783     
  0.21742677658987342     
  0.21708851935858844     
  0.21720180267865677     
  0.21783599371140328     
  0.21797832839981179     
  0.21802337560887164     
  0.21785333725603720     
  0.21742146812244206     
  0.21712332108220750     
  0.21718151741161246     
  0.21725516147145957     
  0.21734178614315389     
  0.21716075561255196     
  0.21738988004419288     
  0.21726206073410831     
  0.21739270660007429     
  0.21733902829927204     
  0.21681900158520903     
  0.21696846830266153     
  0.21660587164198702     
  0.21676070905886477     
  0.21703672485365430     
  0.21635916415031464     
  0.21714605004921769     
  0.21739991620260915     
  0.21713000734335555     
  0.21706439755414511     
  0.21672698939484519     
  0.21701018009507697     
  0.21735075676606394     
  0.21794078072074327     
  0.21798095182619098     
  0.21829829832255523     
  0.21848002552386758     
  0.21880249719721004     
  0.21867593813762493     
  0.21843549153713074     
  0.21858838337744482     
  0.21818143984084329     
  0.21797701014908227     
  0.21796574009741188     
  0.21766574486075244     
  0.21683478846845688     
  0.21678860730182892     
  0.21697870397812385     
  0.21674591717008393     
  0.21725094130176689     
  0.21703428544716843     
  0.21711873037123700     
  0.21763741341447979     
  0.21767318001124691     
  0.21717571259696281     
  0.21715457868682680     
  0.21749087490496749     
  0.21707148472121587     
  0.21703152094372807     
  0.21695550053331664     
  0.21724052453033585     
  0.21736308811538627     
  0.21745106283501761     
  0.21715088514581565     
  0.21690895982515013     
  0.21695095265235248     
  0.21714896690681348     
  0.21777557745426473     
  0.21755315423542554     
  0.21805943731816763     
  0.21816974610114792     
  0.21802929746365829     
  0.21760591082213149     
  0.21724317663358150     
  0.21690794731183510     
  0.21681865085174901     
  0.21688091904450321     
  0.21633447123121405     
  0.21603317700422422     
  0.21590849455991593     
  0.21593320755697529     
  0.21572003948556873     
  0.21551513664691294     
  0.21562979922600212     
  0.21592606204391643     
  0.21611758280149854     
  0.21595602016041668     
  0.21581231298103931     
  0.21551624002419795     
  0.21602352612180203     
  0.21644316164387126     
  0.21672903846815419     
  0.21720235200308347     
  0.21709069448780396     
  0.21729978675238792     
  0.21653036610153337     
  0.21698406402466744     
