  0.21546173208721228     
  0.21560538457404152     
  0.21450272155358355     
  0.21387994577827538     
  0.21473868173736141     
  0.21527426335101990     
  0.21568003835574101     
  0.21491379239524999     
  0.21437216088492722     
  0.21369845141668034     
  0.21271749032894971     
  0.21330985386651022     
  0.21368290699936213     
  0.21426875418515873     
  0.21351210838385146     
  0.21345716149605892     
  0.21267627962312596     
  0.21165182561460605     
  0.21170022795083698     
  0.21298441975764404     
  0.21331611837354167     
  0.21372026102405986     
  0.21329445162555949     
  0.21250518796073728     
  0.21246978138948999     
  0.21309501354419230     
  0.21213452370361380     
  0.21182503863632757     
  0.21210905727777843     
  0.21250400191061730     
  0.21217301689226692     
  0.21237588399869009     
  0.21350202233135321     
  0.21428942500471837     
  0.21454569479574245     
  0.21463786289012682     
  0.21537070183205073     
  0.21612899623032206     
  0.21640052111746078     
  0.21630934039654995     
  0.21708719577605148     
  0.21749128357505423     
  0.21812241106654490     
  0.21762945043387391     
  0.21769026171195019     
  0.21639541991202077     
  0.21660003543040079     
  0.21676880148124611     
  0.21674697926815706     
  0.21689339248357953     
  0.21603191848699210     
  0.21498660680813461     
  0.21398102751462691     
  0.21302829203515725     
  0.21351187128012405     
  0.21356651096061344     
  0.21352939779203994     
  0.21290382309768000     
  0.21350331220847937     
  0.21204027810353213     
  0.21298019035298932     
  0.21211500286765875     
  0.21155082463442335     
  0.21250909535920218     
  0.21221435657239493     
  0.21211766527366949     
  0.21201229132891591     
  0.21228279284452065     
  0.21292423419451334     
  0.21298162066811183     
  0.21387700678864022     
  0.21362426550256472     
  0.21347668485437929     
  0.21430403663619926     
  0.21350299996676644     
  0.21271955326614475     
  0.21416818090986670     
  0.21420836149508532     
  0.21423411572987255     
  0.21421904651633369     
  0.21484684927870301     
  0.21454328988816843     
  0.21552002360932002     
  0.21488972057253489     
  0.21484246494614212     
  0.21534826230885284     
  0.21462984443841943     
  0.21448228110163550     
  0.21444095914161057     
  0.21457515373180430     
  0.21531318011394329     
  0.21448540965147220     
  0.21492912971587938     
  0.21529125622168277     
  0.21560766546027460     
  0.21482136668909521     
  0.21520713678683176     
  0.21469728609713989     
  0.21447448713542974     
  0.21469048730617349     
  0.21476479471758225     
  0.21502818956272882     
  0.21599746307663220     
  0.21549276238465440     
  0.21544652028764005     
  0.21518945303328468     
  0.21391372977113757     
  0.21306146145165708     
  0.21195570449462309     
  0.21162410717509075     
  0.21149657655871817     
  0.21155028911241291     
  0.21198769686752797     
  0.21239849299336083     
  0.21325214272016066     
  0.21318972438588291     
  0.21339367206210955     
  0.21381765887216517     
  0.21233300555754725     
  0.21252250190442268     
  0.21257286523176713     
  0.21410410290780793     
  0.21426763551901951     
  0.21326018451178105     
  0.21375277509388602     
  0.21425418421965259     
  0.21472603130418932     
  0.21405282068503381     
  0.21412380876292986     
  0.21371344760403463     
  0.21356535709861579     
  0.21423788958708750     
  0.21402977196540796     
  0.21493900067803434     
  0.21554165156329316     
  0.21601413118356305     
  0.21613706065148397     
  0.21515534945343237     
  0.21447680424739826     
  0.21473636196646426     
  0.21455339303070797     
  0.21409354077804768     
  0.21521406206519988     
  0.21480537729977553     
  0.21499035841151704     
  0.21342244494218776     
  0.21358644956450326     
  0.21349131251106038     
  0.21418688695347846     
  0.21456673890944586     
  0.21408600825873400     
  0.21465683718468298     
  0.21547777473649682     
  0.21583815190968586     
  0.21598639524075186     
  0.21494415752723539     
  0.21554907220601194     
  0.21467768667766593     
  0.21508798755830244     
  0.21471349446966229     
  0.21447991392744040     
  0.21481002332478735     
  0.21422093493768071     
  0.21400614680264776     
  0.21396284635550600     
  0.21337962613349976     
  0.21355385061615345     
  0.21287020931853598     
  0.21288521832144280     
  0.21310998703563908     
  0.21257410129660015     
  0.21264539522861944     
  0.21317230585861999     
  0.21268494573973407     
  0.21262572303844593     
  0.21258133253172587     
  0.21249207783987173     
  0.21242368442652829     
  0.21283747880751619     
  0.21188684873096555     
  0.21312973203694896     
  0.21291594376943890     
  0.21430820152598437     
  0.21300748988972507     
  0.21200623249931583     
  0.21184329456738102     
  0.21201357374130983     
  0.21239269484483964     
  0.21172424280875168     
  0.21303636340104859     
  0.21304599122938955     
  0.21400846508277602     
  0.21410857256871693     
  0.21365037975592885     
  0.21458096503961621     
  0.21495878800952961     
  0.21549690289681800     
  0.21554372326910415     
  0.21634991697663800     
  0.21651951150102278     
  0.21688532779856193     
  0.21693487284353211     
  0.21722759633611102     
  0.21688971091168471     
  0.21637475820477967     
  0.21618848070327742     
  0.21617354066809216     
  0.21452895368797134     
  0.21496170587553945     
  0.21427730528169042     
  0.21413985694382087     
  0.21414864886220400     
  0.21381788912180116     
  0.21394291291689257     
  0.21322519989575903     
  0.21226623470933820     
  0.21210838978495894     
  0.21276831438404945     
  0.21247417559920176     
  0.21255766936253409     
  0.21328408831166423     
  0.21284529449543552     
  0.21323617714425613     
  0.21351809393892474     
  0.21377627856873410     
  0.21388182728325728     
  0.21406746230609910     
  0.21437086969992092     
  0.21415731172525615     
  0.21390381486236701     
  0.21309275983080309     
  0.21289945921662107     
  0.21391032982996966     
  0.21334717784560658     
  0.21205305410634842     
  0.21171883054954121     
  0.21197617026896495     
  0.21212522047445398     
  0.21251016255012556     
  0.21270176410375582     
  0.21284405827519606     
  0.21252571793599651     
  0.21291192631659811     
  0.21290175385619278     
  0.21324903794801867     
  0.21382901612472402     
  0.21395184326947830     
  0.21314007078404770     
  0.21428437363822209     
  0.21557116240949029     
  0.21460659292764650     
  0.21523122370581940     
  0.21542104325744674     
  0.21630382878641938     
  0.21578506257088167     
  0.21566741727680155     
  0.21538358881104361     
  0.21559435669052671     
  0.21471043574483317     
  0.21395981709318920     
  0.21386132420894272     
  0.21486347384309934     
  0.21562572931591853     
  0.21635844887052161     
  0.21516533768191690     
  0.21471389503113289     
  0.21443474837644647     
  0.21380033601313872     
  0.21457257986693126     
  0.21413063969563734     
  0.21371830090241198     
  0.21363489555702742     
  0.21365621809592589     
  0.21320326521388630     
  0.21407340348448797     
  0.21377863686148144     
  0.21330217051237252     
  0.21418116878523677     
  0.21512470720947335     
  0.21470444381010259     
  0.21373374850629440     
  0.21416322447622579     
  0.21384876233137176     
  0.21343184331528431     
  0.21324331178038583     
  0.21362010247012134     
  0.21348483209946331     
  0.21535945525683611     
  0.21569669403695302     
  0.21567390995763908     
  0.21528072025381825     
  0.21530932451014645     
  0.21386670491489998     
  0.21390880817838437     
  0.21373130755095207     
  0.21376368653063549     
  0.21336925643585367     
  0.21403322027180363     
  0.21371745499209088     
  0.21370873573416449     
  0.21411890759596097     
  0.21492091393908425     
  0.21553668147169347     
  0.21402956096632536     
  0.21415925288926349     
  0.21358305195572128     
  0.21338672521946034     
  0.21190903787555423     
  0.21292958997468070     
  0.21395584298191703     
  0.21455355504372864     
  0.21378598696236559     
  0.21369688142062732     
  0.21462679156306799     
  0.21363827208902236     
  0.21345470603239286     
  0.21278502446063505     
  0.21277043963744821     
  0.21317905320035913     
  0.21262504288070264     
  0.21286403647859317     
  0.21203430954471414     
  0.21214158496064861     
  0.21174853051007517     
  0.21219651166530940     
  0.21308521746953668     
  0.21369379974029687     
  0.21360690634559937     
  0.21331318169137770     
  0.21288159194328199     
  0.21303184024147170     
  0.21371778408777722     
  0.21337693006049985     
  0.21364336437011422     
  0.21345858849254004     
  0.21387162071355056     
  0.21302659496967036     
  0.21252169001420626     
  0.21236211022850834     
  0.21300566458271014     
  0.21363200125721560     
  0.21377727940314739     
  0.21403446356486155     
  0.21374708938924086     
  0.21424654138476465     
  0.21302288410574527     
  0.21393194211519531     
  0.21316869198838634     
  0.21352341668913599     
  0.21351382890413517     
  0.21321790972579666     
  0.21248761584384507     
  0.21330797012508923     
  0.21480080712851482     
  0.21421853366598370     
  0.21383673179339349     
  0.21462319668777610     
  0.21422366604559495     
  0.21466899762215544     
  0.21440263884431920     
  0.21465485145351842     
  0.21481652605904311     
  0.21373479817445720     
  0.21343774710641675     
  0.21385025320509027     
  0.21392237939744940     
  0.21346292848191414     
  0.21282072102575861     
  0.21267861661042631     
  0.21269544663620110     
  0.21277796352309461     
  0.21345771256248988     
  0.21314001713178968     
  0.21342473159096106     
  0.21349085607542745     
  0.21341033318415889     
  0.21297254804691795     
  0.21385499561819035     
  0.21338201622116013     
  0.21301473554694675     
  0.21306834828884963     
  0.21227333941512691     
  0.21255080316714112     
  0.21418240004733594     
  0.21403770688382015     
  0.21380851143771809     
  0.21413132805596446     
  0.21271405452800576     
  0.21311016836186372     
  0.21395916023609537     
  0.21367828624646967     
  0.21231135373163268     
  0.21157060292082910     
  0.21074762151759882     
  0.21065532958271857     
  0.21072609664757450     
  0.21111930376784863     
  0.21144051757025728     
  0.21178237794549268     
  0.21112059166008834     
  0.21109477562118376     
  0.21182201193248804     
  0.21061027231616145     
  0.21132507614863327     
  0.21111524253631761     
  0.21190943183360986     
  0.21148505623405103     
  0.21146814913642742     
  0.21039014836514858     
  0.21120609406435978     
  0.21165832827199119     
  0.21211790020496174     
  0.21229721101946930     
  0.21242210666619435     
  0.21196278967645962     
  0.21226078521091785     
  0.21339894628031622     
  0.21349180926978328     
  0.21326710013327563     
  0.21317751236703750     
  0.21373818837177605     
  0.21477439781940749     
  0.21426851122015367     
  0.21364252805824624     
  0.21380969780926415     
  0.21414359430609392     
  0.21433508291994285     
  0.21297058382540007     
  0.21321035692905763     
  0.21346282995208365     
  0.21251160966478932     
  0.21288523462928055     
  0.21311965168853508     
  0.21467125120948233     
  0.21446234724802504     
  0.21462339130408925     
  0.21511455794083845     
  0.21567957010367894     
  0.21555859146023199     
  0.21547332786068160     
  0.21456623985452380     
  0.21463473138564176     
  0.21494871213128999     
  0.21452811873208064     
  0.21569090870942043     
  0.21492572129730839     
  0.21433588368327658     
  0.21458503774103163     
  0.21549371068446013     
  0.21650370905140318     
  0.21576390587941144     
  0.21535969574420194     
  0.21568581386163538     
  0.21538487452597305     
  0.21616640284251024     
  0.21548505091410206     
  0.21526314520143180     
  0.21371099587230571     
  0.21471787825554423     
  0.21495524904733748     
  0.21554745741320033     
  0.21540833595412268     
  0.21623681866841110     
  0.21610150923250460     
  0.21559298810838393     
  0.21590277711344130     
  0.21496076639892892     
  0.21537600870421272     
  0.21542394787539984     
  0.21437390435875181     
  0.21448220470927584     
  0.21484855561315250     
  0.21492148042037906     
  0.21530908793066350     
  0.21397341740577303     
  0.21369802155458437     
  0.21370837421873701     
  0.21330147814181755     
  0.21376821957998518     
  0.21323303695542678     
  0.21155507415757061     
  0.21160572989769505     
  0.21286600046098189     
  0.21354992755870941     
  0.21431840838775365     
  0.21460036871498350     
  0.21344883185307231     
  0.21366961732122328     
  0.21364500364808317     
  0.21322396247375267     
  0.21309550160114210     
  0.21348302062737978     
  0.21312825373357425     
  0.21419167078595058     
  0.21299319134403250     
  0.21318985393792353     
  0.21336290032141719     
  0.21300558314383944     
  0.21430207059228626     
  0.21508484256056998     
  0.21488041208100714     
  0.21429328417921792     
  0.21545779581558866     
  0.21590927194208562     
  0.21573974515891856     
  0.21467435242040747     
  0.21514923747821743     
  0.21566557013259263     
  0.21627578129260996     
  0.21582218192178496     
  0.21522498152573324     
  0.21493344416554280     
  0.21556622781407919     
  0.21570627278194215     
  0.21445718215141010     
  0.21495333763737914     
  0.21493741971869970     
  0.21442193419144304     
  0.21354914543215817     
  0.21287004168953730     
  0.21385986861064121     
  0.21421407236700069     
  0.21371370503760509     
  0.21394502794600856     
  0.21367640322689049     
  0.21455173287666912     
  0.21484098782970931     
  0.21508054476536073     
  0.21465517142139148     
  0.21502493222426242     
  0.21383005796986165     
  0.21442109679119464     
  0.21377547447149975     
  0.21390513445110010     
  0.21372113948631821     
  0.21375369556645510     
  0.21366970032065022     
  0.21337984735170346     
  0.21359621529693695     
  0.21462225626919318     
  0.21349821930290436     
  0.21326769819650793     
  0.21338495362645102     
  0.21339917105705997     
  0.21421333647493898     
  0.21406471913237723     
  0.21381974350864424     
  0.21436939454498583     
  0.21449536058576085     
  0.21429457013318956     
  0.21383346813828549     
  0.21338821626702090     
  0.21400522000800420     
  0.21314976171676275     
  0.21242323773714081     
  0.21295731666941223     
  0.21228073483736068     
  0.21344063948461020     
  0.21420884649371733     
  0.21491069936690418     
  0.21481711004883369     
  0.21489650930964824     
  0.21583835207203450     
  0.21597634325323431     
  0.21493910207667344     
  0.21485613022847208     
  0.21494167034335399     
  0.21480193817648163     
  0.21412656505430167     
  0.21306185668520214     
  0.21261874949183482     
  0.21233231720495316     
  0.21207445781691539     
  0.21258189219032936     
  0.21267868336847279     
  0.21294584473527270     
  0.21241941826507144     
  0.21283114178865081     
  0.21241661404763246     
  0.21235911132214699     
  0.21215856455675844     
  0.21223981329418959     
  0.21234104095842174     
  0.21168408860471061     
  0.21220873718825484     
  0.21255665564405885     
  0.21348824711402645     
  0.21245630041368382     
  0.21284930156465987     
  0.21373500331915296     
  0.21317068262931968     
  0.21439870087449653     
  0.21334844727818900     
  0.21280589544277731     
  0.21392538849442796     
  0.21379332617945937     
  0.21499692127265058     
  0.21482092034873215     
  0.21376641119740722     
  0.21383225574254749     
  0.21438881901239090     
  0.21460681369699358     
  0.21455086779107840     
  0.21475340026314932     
  0.21398838321076855     
  0.21365508069398353     
  0.21449706926200954     
  0.21469857734984604     
  0.21394557558050820     
  0.21393439740628203     
  0.21410842768412294     
  0.21428709511430263     
  0.21375745020285708     
  0.21343135652819911     
  0.21270272167587323     
  0.21274479524813369     
  0.21289887714961148     
  0.21179116293408978     
  0.21275048308195202     
  0.21279318057663046     
  0.21291028456081423     
  0.21286342641668676     
  0.21194051386362978     
  0.21181142418747836     
  0.21260614849502676     
  0.21363631744167993     
  0.21325276904041648     
  0.21325478486094049     
  0.21427142467499255     
  0.21479362917360756     
  0.21464446932592893     
  0.21474531579510928     
  0.21440993420299978     
  0.21362816731667730     
  0.21400310185745863     
  0.21437735193449570     
  0.21388766166733522     
  0.21361776907056870     
  0.21327758711089440     
  0.21292118214048217     
  0.21320951300973409     
  0.21323623262719762     
  0.21442843021389116     
  0.21443108931188162     
  0.21440001780410628     
  0.21434798204215511     
  0.21469962593427919     
  0.21435941019950427     
  0.21451040024482881     
  0.21586088050858102     
  0.21529603793202828     
  0.21445068951327528     
  0.21538837931030422     
  0.21507740724422481     
  0.21483912574295655     
  0.21325713801226964     
  0.21361362053572197     
  0.21451517667285258     
  0.21482972050655319     
  0.21411832660816818     
  0.21395015665276865     
  0.21459656914018638     
  0.21423432807371903     
  0.21491958328658453     
  0.21421625429422053     
  0.21446229708414807     
  0.21433077066315767     
  0.21346340744930850     
  0.21359867272130553     
  0.21328002784424205     
  0.21398873672953930     
  0.21473197988570555     
  0.21533675203318822     
  0.21550072010986770     
  0.21545356031919144     
  0.21469935319698347     
  0.21396277810389586     
  0.21338882770418749     
  0.21333923583104206     
  0.21327888567149930     
  0.21295086175311209     
  0.21277347523852611     
  0.21298344669537506     
  0.21236821676167758     
  0.21274862938470876     
  0.21257520987167439     
  0.21285090255452779     
  0.21202561572406753     
  0.21298235954549161     
  0.21267811188007738     
  0.21325811283709706     
  0.21364926738836879     
  0.21359596342353915     
  0.21416287181713251     
  0.21402539005578189     
  0.21366598508509074     
  0.21356989496455150     
  0.21324033819953919     
  0.21333414725519681     
  0.21392913211777637     
  0.21391820117906937     
  0.21297913178099750     
  0.21390891492561648     
  0.21380327537445137     
  0.21430964215029150     
  0.21513492311132010     
  0.21573011641261580     
  0.21575513223979773     
  0.21532625137406924     
  0.21597166339370091     
  0.21567660343152109     
  0.21484457256128744     
  0.21431510839705165     
  0.21367123962704490     
  0.21402020406381031     
  0.21331289530557832     
  0.21452313301109374     
  0.21411989714710714     
  0.21430491191361017     
  0.21355817167614405     
  0.21425323687633621     
  0.21432768536389971     
  0.21424516824835180     
  0.21480245772397868     
  0.21378368097085634     
  0.21287967505205671     
  0.21269706274368880     
  0.21312107174511383     
  0.21296261877168976     
  0.21392519480345473     
  0.21356985183654270     
  0.21358527117292364     
  0.21395551391814366     
  0.21423937467802684     
  0.21435598978257253     
  0.21492694777774279     
  0.21437663999188150     
  0.21484954428016331     
  0.21463857632670547     
  0.21420755443345540     
  0.21376644398470002     
  0.21376761772792785     
  0.21498811564747741     
  0.21487023133970673     
  0.21609146145897654     
  0.21583368465619077     
  0.21543141840525784     
  0.21539215459073144     
  0.21549967456364935     
  0.21474158415859365     
  0.21487751820291429     
  0.21475632717646612     
  0.21445336433791290     
  0.21501543369177076     
  0.21491162311258882     
  0.21518489225011206     
  0.21518892493321759     
  0.21444648154303919     
  0.21401751230433422     
  0.21463494736015210     
  0.21395859167046871     
  0.21448434061673843     
  0.21419248321965242     
  0.21374735736176023     
  0.21396901350938177     
  0.21390682163373512     
  0.21358331728116486     
  0.21284454931382141     
  0.21263148001280302     
  0.21275536093472167     
  0.21227657791974647     
  0.21329422883338026     
  0.21338804111377083     
  0.21383169376538635     
  0.21449541013728496     
  0.21385200589579081     
  0.21371394138652650     
  0.21419985955005152     
  0.21472518963342932     
  0.21544212850400868     
  0.21595974504963722     
  0.21594045661054828     
  0.21627176772360812     
  0.21542900976193363     
  0.21552949976947947     
  0.21533488794690134     
  0.21515714375244163     
  0.21522341430120137     
  0.21535987263884165     
  0.21481357186208147     
  0.21463599534003031     
  0.21419265455865907     
  0.21475189839395642     
  0.21511166750925695     
  0.21439220053699798     
  0.21464046949032167     
  0.21354883518625459     
  0.21442293156391859     
  0.21369286428473713     
  0.21354958997292925     
  0.21388978423630231     
  0.21342191364989332     
  0.21281968300059098     
  0.21259459633797345     
  0.21193336794541418     
  0.21238435532528058     
  0.21296365494841651     
  0.21282847423516216     
  0.21237808324997826     
  0.21293402103994602     
  0.21296524189505217     
  0.21250663934265865     
  0.21318045079081238     
  0.21376916398843002     
  0.21275433940548383     
  0.21362997151266064     
  0.21319942200756359     
  0.21255032121776982     
  0.21275773137786400     
  0.21336571291851697     
  0.21285611021295101     
  0.21252439847567686     
  0.21344904756065272     
  0.21335758746059511     
  0.21314690643088061     
  0.21375422190900803     
  0.21370363839028236     
  0.21343548607870086     
  0.21395531195409428     
  0.21378642992927671     
  0.21433440506376716     
  0.21485954427343912     
  0.21473383068457100     
  0.21485822798209853     
  0.21505504117452567     
  0.21522569130793440     
  0.21533781108662811     
  0.21646930922468635     
  0.21509474040698323     
  0.21550140941268847     
  0.21453287964636014     
  0.21363783363262162     
  0.21369054858673039     
  0.21296137139572546     
  0.21404964996945838     
  0.21300131830065538     
  0.21310663328612797     
  0.21312372582820124     
  0.21218052033787102     
  0.21254336892216993     
  0.21326683304278418     
  0.21428672742773699     
  0.21359661770279498     
  0.21368941519742538     
  0.21324873417012227     
  0.21384832377227356     
  0.21318441673374594     
  0.21315010444810817     
  0.21347544278707459     
  0.21342912575164294     
  0.21355399581147336     
  0.21286275722436682     
  0.21335544736077633     
  0.21397485385916939     
  0.21373205403037715     
  0.21377711957169673     
  0.21377020347369435     
  0.21365337073429774     
  0.21410082690511964     
  0.21400129595026679     
  0.21347025069399264     
  0.21439460767265595     
  0.21467115952700094     
  0.21527393238097037     
  0.21546532907528751     
  0.21528565820479387     
  0.21485431555262052     
  0.21429283945976568     
  0.21471050905080918     
  0.21437995018245964     
  0.21471224771742509     
  0.21355643920421588     
  0.21384786290953517     
  0.21423268505296109     
  0.21405334763749992     
  0.21347457705983353     
  0.21377868529503000     
  0.21363257430480573     
  0.21436632021499261     
  0.21457509126755767     
  0.21415208060245874     
  0.21396554982833277     
  0.21330067017304821     
  0.21456720070321367     
  0.21471795764361715     
  0.21494890029780742     
  0.21420677698248908     
  0.21425408570119700     
  0.21490267020177384     
  0.21516374192464036     
  0.21521004221588094     
  0.21491243950943661     
  0.21410597265412448     
  0.21343717981276089     
  0.21346826199894989     
  0.21270708836744157     
  0.21330853140433470     
  0.21342677935554211     
  0.21311573407182458     
  0.21266153149207059     
  0.21416647817048295     
  0.21423682545391234     
  0.21452767601595901     
  0.21356115313742677     
  0.21330412910334232     
  0.21364779730902786     
  0.21304031216933722     
  0.21205368378388112     
  0.21120812335659969     
  0.21166376301062612     
  0.21094675581575584     
  0.21108185320098469     
  0.21219426713547165     
  0.21215902230594941     
  0.21156810731225872     
  0.21275581949980357     
  0.21303884047180557     
  0.21272751893642422     
  0.21333035060933972     
  0.21370420037455973     
  0.21306234007430494     
  0.21339685568918218     
  0.21296688423461074     
  0.21276157388699121     
  0.21369251810045789     
  0.21447689994820801     
  0.21395406590863744     
  0.21366128006271332     
  0.21468099344122027     
  0.21463838433647264     
  0.21416289662484417     
  0.21415215984090363     
  0.21362109162938603     
  0.21341983070435383     
  0.21269667818397639     
  0.21276457083057912     
  0.21297156927578414     
  0.21337831452966738     
  0.21302917402368013     
  0.21279405283097946     
  0.21378944239950315     
  0.21429820388652890     
  0.21507074380151139     
  0.21575284559847924     
  0.21604486199381728     
  0.21544031339802955     
  0.21453997408339640     
  0.21535306901182272     
  0.21550542995172059     
  0.21671493766933139     
  0.21646014347973541     
  0.21520079027899203     
  0.21590000881288948     
  0.21528702301893776     
  0.21511173006752585     
  0.21512614351897649     
  0.21463669621484599     
  0.21392961551838013     
  0.21408278016970839     
  0.21416348251312847     
  0.21310742145993566     
  0.21342071034214383     
  0.21321378468040886     
  0.21281316952995591     
  0.21166461402972456     
  0.21143117803427441     
  0.21206754020666385     
  0.21299734010938909     
  0.21297054800655740     
  0.21318260431728969     
  0.21388311998253701     
  0.21377447901224853     
  0.21438552133402528     
  0.21410977508323303     
  0.21407180056613609     
  0.21494343119050105     
  0.21485174591963171     
  0.21454249379855539     
  0.21510357274424025     
  0.21456459498206423     
  0.21431299920464247     
  0.21449892896972181     
  0.21389068562053484     
  0.21355358246221823     
  0.21417036314248386     
  0.21447872434360188     
  0.21560504010927620     
  0.21453938829991615     
  0.21439061616033936     
  0.21526416067029724     
  0.21505174474773836     
  0.21417350974190108     
  0.21442232332685063     
  0.21444991615674816     
  0.21458082069902890     
  0.21439938860855101     
  0.21498192839995323     
  0.21492241018239050     
  0.21478382230854121     
  0.21588895079047912     
  0.21592219995293818     
  0.21550134269072951     
  0.21593633443360097     
  0.21578836026243653     
  0.21515637897728138     
  0.21595920582732447     
  0.21580468196191352     
  0.21475382481349889     
  0.21377909483202082     
  0.21402736235321901     
  0.21376666505011740     
  0.21406109118171088     
  0.21419895130782829     
  0.21393458411703581     
  0.21354273673125923     
  0.21318700317154607     
  0.21390387061562927     
  0.21262667574292266     
  0.21375633599680705     
  0.21412000989793945     
  0.21447329625967335     
  0.21351748956200883     
  0.21327472920222842     
  0.21362752299199228     
  0.21337644979609494     
  0.21393395861476486     
  0.21441974290343135     
  0.21436725043593541     
  0.21439381210087852     
  0.21371494075302255     
  0.21357949417254316     
  0.21445209155308881     
  0.21406706558633468     
  0.21372463684759682     
  0.21370235261311626     
  0.21327860020656270     
  0.21432866434041373     
  0.21408673166634734     
  0.21379756254050972     
  0.21404892744348269     
  0.21459563840468324     
  0.21477541138064113     
  0.21509535975377056     
  0.21412629617139115     
  0.21378676146807155     
  0.21412933934815631     
  0.21459432664836317     
  0.21490451890331910     
  0.21423197500041813     
  0.21442515063636575     
  0.21382555506933279     
  0.21385349161894351     
  0.21413307945798674     
  0.21362736961288992     
  0.21401249802041813     
  0.21417138689664297     
  0.21368973734579239     
  0.21391378223152066     
  0.21566257343950457     
  0.21525132124102764     
  0.21485164732718695     
  0.21500077905864923     
  0.21507530272754155     
  0.21508936359400327     
  0.21402615060657926     
  0.21336393277542143     
  0.21230894669446276     
  0.21277264322207207     
  0.21361591110263084     
  0.21503758262210226     
  0.21474901626332646     
  0.21502109372257142     
  0.21353829263104626     
  0.21339089380494422     
  0.21402952720545085     
  0.21356238457768761     
  0.21241213608702098     
  0.21337053284686086     
  0.21366655263232479     
  0.21362524874309746     
  0.21290546582811579     
  0.21261300651248102     
  0.21359053537035660     
  0.21329123860299737     
  0.21288637528273735     
  0.21264928925690210     
  0.21262684348040983     
  0.21223298563109871     
  0.21332410763759863     
  0.21324478498000649     
  0.21292275547025472     
  0.21299902042253721     
  0.21350373735133871     
  0.21423612170104789     
  0.21481839810137482     
  0.21528844981159273     
  0.21416028442547827     
  0.21359067208220686     
  0.21238918740430937     
  0.21279389667372403     
  0.21235238680918486     
  0.21198281658120632     
  0.21156762435969972     
  0.21299132544127938     
  0.21223953970436138     
  0.21270008668216436     
  0.21248467256708509     
  0.21331395454758934     
  0.21361921443613693     
  0.21245784368172868     
  0.21328806597887279     
  0.21351857093687893     
  0.21363760977707610     
  0.21281114810499152     
  0.21250093810633422     
  0.21286927569009856     
  0.21349026228410303     
  0.21362690980950014     
  0.21415884419724299     
  0.21241683334839415     
  0.21331771615428355     
  0.21395833348342222     
  0.21347592014813702     
  0.21433051877075238     
  0.21399831950820813     
  0.21368720449273781     
  0.21243087391654925     
  0.21299637578122504     
  0.21312943977141136     
  0.21212311033483072     
  0.21171075775763287     
  0.21141676738564641     
  0.21076380087939983     
  0.21140849078750001     
  0.21177164843245133     
  0.21146354049391713     
  0.21042112278011632     
  0.21074839941688128     
  0.21057522708196708     
  0.21162238411827516     
  0.21162395315417959     
  0.21243072940554059     
  0.21235639840790999     
  0.21223712912433773     
  0.21231247184129040     
  0.21301163993455771     
  0.21373587306205330     
  0.21469037147680703     
  0.21486544226208035     
  0.21515389319506512     
  0.21413506571997062     
  0.21360123039735687     
  0.21334447971680387     
  0.21316096494536702     
  0.21336109298134015     
  0.21381985401298556     
  0.21477169972417065     
  0.21480280190169385     
  0.21448253639580556     
  0.21454938345351934     
  0.21502769965376486     
  0.21424290274802574     
  0.21415476158363184     
  0.21404934356874228     
  0.21426191787608176     
  0.21447577792362421     
  0.21374421262737617     
  0.21363286105002252     
  0.21488962619833724     
  0.21495460789567974     
  0.21405733685933026     
  0.21415513392188518     
  0.21336705774838094     
  0.21302169347069735     
  0.21371737199343863     
  0.21435159851150773     
  0.21424776449828076     
  0.21489715355167782     
  0.21491499077476584     
  0.21385410343944833     
  0.21274315057519505     
  0.21280930096304107     
  0.21363243328629081     
  0.21381185102359049     
  0.21377888487595972     
  0.21386150990106706     
  0.21413031620845249     
  0.21385899265601682     
  0.21395445240231939     
  0.21416537576834802     
  0.21386422910891345     
  0.21484308443772901     
  0.21485015471716651     
  0.21480590881942935     
  0.21416271742713838     
  0.21349447767317309     
  0.21419331146050546     
  0.21382817718608682     
  0.21462667021408777     
  0.21456921705495396     
  0.21466406374359148     
  0.21396935099771763     
  0.21279999905760008     
  0.21304621564516793     
  0.21180469453982553     
  0.21310037071211238     
  0.21370640206336883     
  0.21347071157753350     
  0.21383585473072639     
  0.21380634753315969     
  0.21451830545297126     
  0.21502791445775471     
  0.21539526101454598     
  0.21592719173783351     
  0.21536262299086176     
  0.21582997017112196     
  0.21591511681849493     
  0.21576417520538191     
  0.21579799672506847     
  0.21485546977737019     
  0.21497324434359341     
  0.21486209711801230     
  0.21457370220624558     
  0.21435437737624879     
  0.21390352292574794     
  0.21518375064651291     
  0.21449225059737156     
  0.21442028595468254     
  0.21379092000789698     
  0.21421243159810538     
  0.21502269465460333     
  0.21402970498017393     
  0.21387662916356789     
  0.21392893237799501     
  0.21416840492740388     
  0.21323889940508564     
  0.21305444005024354     
  0.21256384058630612     
  0.21286523168830226     
  0.21300367028909745     
  0.21361328417401548     
  0.21340288197549348     
  0.21280289454573278     
  0.21227600041995026     
  0.21369831614913765     
  0.21330438819108502     
  0.21161368640270564     
  0.21257992041178306     
  0.21153595239167242     
  0.21056053270070982     
  0.21141529028437389     
  0.21187754608882553     
  0.21113552606921412     
  0.21198138685011444     
  0.21102543618681630     
  0.21112511492397054     
  0.21223875901999972     
  0.21263948984405293     
  0.21353607481638201     
  0.21287253645563123     
  0.21356153075302328     
  0.21302818383262406     
  0.21322500121174115     
  0.21378763674421727     
  0.21394808988184341     
  0.21419063394501744     
  0.21406619606373328     
  0.21397480563412077     
  0.21433895933378419     
  0.21423363613903498     
  0.21391800238034595     
  0.21458301120994233     
  0.21497687764121237     
  0.21464416840468253     
  0.21564802800291674     
  0.21578006037490827     
  0.21613939867124354     
  0.21554375579728627     
  0.21461572316193137     
  0.21486090915981998     
  0.21512852998913803     
  0.21478905343014534     
  0.21469834419377654     
  0.21507821967539278     
  0.21407705292210291     
  0.21436864623937738     
  0.21484692142095155     
  0.21417848807581322     
  0.21468524596749780     
  0.21534980856668490     
  0.21527987435245485     
  0.21590918430931447     
  0.21639441137008267     
  0.21539102756609022     
  0.21529134586990328     
  0.21491021410041358     
  0.21518421075894653     
  0.21496419891669891     
  0.21474858055081242     
  0.21387741561759771     
  0.21335065188200686     
  0.21343628413456842     
  0.21206625807117788     
  0.21138728353954608     
  0.21219382364652836     
  0.21219576853063407     
  0.21268668866139287     
  0.21294113415587501     
  0.21347048487831702     
  0.21267913497163632     
  0.21340877668039579     
  0.21416588549907525     
  0.21414125453668020     
  0.21352420620587964     
  0.21406179366825678     
  0.21315640021625579     
  0.21326670803350928     
  0.21344893630042247     
  0.21259911973844323     
  0.21366685565928475     
  0.21355535653528401     
  0.21236126232138625     
  0.21253286914501979     
  0.21267680476770309     
  0.21322163416873510     
  0.21406880550575746     
  0.21434444814235745     
  0.21457293348961484     
  0.21422530053095012     
  0.21407870194636217     
  0.21432212142696005     
  0.21466537346285972     
  0.21481465004652037     
  0.21455340396775724     
  0.21435658270403260     
  0.21455994106404838     
  0.21542516264217540     
  0.21547112257894777     
  0.21584870203963169     
  0.21527499038734821     
  0.21593963772014932     
  0.21518715467736180     
  0.21472694500440884     
  0.21396968167245561     
  0.21468676341027010     
  0.21487873723600770     
  0.21545879225238959     
  0.21416953943540523     
  0.21389929354811013     
  0.21290014492963230     
  0.21398208725494910     
  0.21449325624679369     
  0.21471728256305156     
  0.21438027730634115     
  0.21457597398284997     
  0.21397209180523627     
  0.21421591450666191     
  0.21331812735268965     
  0.21366190088166892     
  0.21333142083341727     
  0.21390623180419011     
  0.21446670350619443     
  0.21360816716148689     
  0.21315892137946091     
  0.21353858214790647     
  0.21383116775794242     
  0.21417788591139902     
  0.21490160551628201     
  0.21508330454096125     
  0.21439933323866403     
  0.21521495247925551     
  0.21505375913696112     
  0.21377895627019772     
  0.21470519859472895     
  0.21457366570721217     
  0.21381438745442927     
  0.21490346072465755     
  0.21525039009651381     
  0.21503479411753343     
  0.21480027643195704     
  0.21409832892431063     
  0.21362488633734156     
  0.21381903021985507     
  0.21392058535769454     
  0.21456712271752895     
  0.21427703306323895     
  0.21510836414839307     
  0.21543299041093786     
  0.21470665044745915     
  0.21501403925133997     
  0.21394382026064920     
  0.21356926735833281     
  0.21469152142723716     
  0.21362468467610909     
  0.21341232407884778     
  0.21362162039310614     
  0.21416336017176918     
  0.21359278989096747     
  0.21398469418866423     
  0.21431979077733765     
  0.21403583670123325     
  0.21514930776851152     
  0.21499063588349568     
  0.21617662221486736     
  0.21686554746951395     
  0.21742662718923694     
  0.21657112004742626     
  0.21635051395089355     
  0.21634511983410212     
  0.21726853278796587     
  0.21642503670965188     
  0.21582555143188670     
  0.21565404978244340     
  0.21503692267197969     
  0.21533420555035845     
  0.21455989604016512     
  0.21544558778563275     
  0.21484507390421714     
  0.21317683690339972     
  0.21237046734183879     
  0.21187845724492183     
  0.21139056451340477     
  0.21222629756920963     
  0.21248984332167534     
  0.21308994766067316     
  0.21307169659756517     
  0.21253720801216211     
  0.21375170987675432     
  0.21386878921299768     
  0.21327205332128740     
  0.21278903349558029     
  0.21353848916171692     
  0.21345266159849072     
  0.21289315869094960     
  0.21423056704271634     
  0.21458023331938000     
  0.21375524453511782     
  0.21299271990153440     
  0.21324202516314647     
  0.21375789938175366     
  0.21388068747296507     
  0.21347033992295641     
  0.21323344832440599     
  0.21241355187368482     
  0.21296106108964660     
  0.21341924493161532     
  0.21267420924087863     
  0.21255672616089277     
  0.21235728509657276     
  0.21276431984101138     
  0.21238497838289475     
  0.21247276288686706     
  0.21280867405887349     
  0.21314191283287584     
  0.21230684770500247     
  0.21155902004798349     
  0.21129840243317677     
  0.21164486538571448     
  0.21325417486405499     
  0.21361835470889190     
  0.21278536748547386     
  0.21304180953940105     
  0.21401299304647003     
  0.21340122164824588     
  0.21266103572588460     
  0.21216948331564084     
  0.21261066621528424     
  0.21198693724234924     
  0.21260056740180108     
  0.21259693232489693     
  0.21314459370789854     
  0.21317244664004484     
  0.21414765744240646     
  0.21463235241402706     
  0.21470437807396114     
  0.21501340813147365     
  0.21418851528991287     
  0.21547924224547674     
  0.21566161259348063     
  0.21479449972225059     
  0.21398237289354821     
  0.21206309557397024     
  0.21257469060940551     
  0.21396199148460041     
  0.21370641204487192     
  0.21294623588093917     
  0.21303223677822922     
  0.21378871824241213     
  0.21401993781571446     
  0.21473707670640496     
