  0.20325161313570672     
  0.20487612666103602     
  0.20494636649535269     
  0.20498801550610243     
  0.20351603075789587     
  0.20538247404746099     
  0.20529573211314389     
  0.20465601556985194     
  0.20630002664974603     
  0.20807929617336940     
  0.20553665554794243     
  0.20708823609486696     
  0.20629524810329081     
  0.20584179831552174     
  0.20564424192588454     
  0.20664321894539348     
  0.20641285964786099     
  0.20891515231851421     
  0.20902557430441551     
  0.21068773946573160     
  0.20909347942354764     
  0.20681107524717254     
  0.20581313652286848     
  0.20396968181169073     
  0.20397791736884177     
  0.20448311020452498     
  0.20392591507185875     
  0.20519144977383444     
  0.20479187099262242     
  0.20668148881037218     
  0.20440358510237058     
  0.20695671056297943     
  0.20655617005484822     
  0.20482477792956405     
  0.20363794758457526     
  0.20594924830351613     
  0.20627577703137487     
  0.20417324080635596     
  0.20632172711707036     
  0.20642796432209690     
  0.20331589968067390     
  0.20334769466350749     
  0.20277961345836343     
  0.20099342114947510     
  0.20153198888073676     
  0.20173633077894482     
  0.20116928788502420     
  0.20323049195779688     
  0.20345770911227257     
  0.20263172594417139     
  0.20269176545708453     
  0.20312565321706791     
  0.20448494825369776     
  0.20765705726744471     
  0.20713395551922506     
  0.20608850787344882     
  0.20560057325223177     
  0.20587792931037910     
  0.20623099301552433     
  0.20273953170218578     
  0.20269185055641234     
  0.20051584568527370     
  0.20383549911518944     
  0.20430838185404171     
  0.20607413290068713     
  0.20795463158450084     
  0.20752614832023825     
  0.20790787013576517     
  0.20627479802462506     
  0.20486808291262204     
  0.20746999825196144     
  0.20263830232895244     
  0.20334218199930706     
  0.20549841525238755     
  0.20388895396833054     
  0.20371229557158330     
  0.20568919909015823     
  0.20410844145011914     
  0.20345543770554392     
  0.20419373861217716     
  0.20433046053725934     
  0.20548306191718868     
  0.20539274670272892     
  0.20627244350146470     
  0.20698735809968416     
  0.20745505625192132     
  0.20831558385894866     
  0.20336615167714872     
  0.20496567404432464     
  0.20535412870291320     
  0.20312413678658156     
  0.20348720670196194     
  0.20398446377342760     
  0.20377022469241168     
  0.20340101867898583     
  0.20341390708139076     
  0.20443860459497873     
  0.20345054411228719     
  0.20484120706737197     
  0.20508374289518572     
  0.20614850864764594     
  0.20676079251365007     
  0.20792139242232732     
  0.20438010013887720     
  0.20452389781411870     
  0.20562147253471835     
  0.20501327101956718     
  0.20315396906148769     
  0.20607764297697348     
  0.20582074740765272     
  0.20486355012060478     
  0.20701719951017095     
  0.20825698504646639     
  0.20421257955872715     
  0.20361623314014213     
  0.20245208991583255     
  0.20320063316306428     
  0.20457319473416516     
  0.20453135940643108     
  0.20739910019763175     
  0.20588272067614477     
  0.20390201692194057     
  0.20388250482169071     
  0.20442508393656950     
  0.20517443783718156     
  0.20669183416332074     
  0.20470766621232578     
  0.20412336721955870     
  0.20167042137142421     
  0.20264859406123720     
  0.20033641692484033     
  0.19927424003757335     
  0.20152338491300806     
  0.20382764257215891     
  0.20400646675300579     
  0.20378428873684787     
  0.20615552457555522     
  0.20492849800770821     
  0.20294179172880344     
  0.20351104728459135     
  0.20294614440886818     
  0.20186655591533495     
  0.20218961570306784     
  0.20198008535438078     
  0.20486673049043275     
  0.20476299006831247     
  0.20257860262503449     
  0.20275773464295446     
  0.20045068125647825     
  0.20393481318814344     
  0.20427850237280448     
  0.20470537766086003     
  0.20775524322677810     
  0.20770725826320680     
  0.20493314634072127     
  0.20373033646094643     
  0.20407128438223346     
  0.20399478673455859     
  0.20289628551704422     
  0.20436415144804868     
  0.20428989588673466     
  0.20473491425318285     
  0.20458518339174567     
  0.20562014387656055     
  0.20518699884442090     
  0.20457967962427742     
  0.20421497100361397     
  0.20325825250402349     
  0.20231159883641164     
  0.20089762205091166     
  0.20426770712824316     
  0.20525534455916158     
  0.20465789532028833     
  0.20480694209833206     
  0.20450852545973505     
  0.20373832205516620     
  0.20212846091038716     
  0.20420026310329470     
  0.20124647576468446     
  0.20247823276567442     
  0.20403851464734732     
  0.20493642301485898     
  0.20740867578164943     
  0.20749377260782917     
  0.20520623514170896     
  0.20422138227498823     
  0.20614382773360990     
  0.20421763586023134     
  0.20547025831843527     
  0.20446194240362231     
  0.20619812524098358     
  0.20359061574906601     
  0.20204013190500050     
  0.20470833569508007     
  0.20362210664575162     
  0.20511495942285987     
  0.20473566979370639     
  0.20555819659380656     
  0.20576426834337852     
  0.20688932462269796     
  0.20633448645621477     
  0.20816005897638001     
  0.20735202904138561     
  0.20772909726949507     
  0.20705804950484832     
  0.20730186456565300     
  0.20693802384671239     
  0.20619134607604550     
  0.20640672562048240     
  0.20563517294621911     
  0.20584083165923756     
  0.20580827182943029     
  0.20471373689388792     
  0.20308692445980028     
  0.20112267196843717     
  0.20125928800417803     
  0.20339041582613215     
  0.20686026188287562     
  0.20587077869037568     
  0.20446966699905356     
  0.20163131473012694     
  0.20440758293638267     
  0.20696635706138672     
  0.20511823454159686     
  0.20641313163257086     
  0.20564647179350279     
  0.20789631512189038     
  0.21232860470435283     
  0.21060537369251597     
  0.21188852041952441     
  0.21089097579828578     
  0.20878120929636990     
  0.20893157776684415     
  0.21108318214221256     
  0.21063793269188691     
  0.20931984319692162     
  0.20924242825628453     
  0.20919062483013257     
  0.20742226777416725     
  0.20723990170200834     
  0.20580035883677555     
  0.20508029766763086     
  0.20389700292165089     
  0.20210805495544273     
  0.20204342239929951     
  0.20291041887795022     
  0.20345661142951760     
  0.20456417722659304     
  0.20566034225518415     
  0.20923400397102881     
  0.20819533801116802     
  0.20743889324161877     
  0.20547274210444860     
  0.20444629103576242     
  0.20512794858132150     
  0.20357201224316865     
  0.20490671834199448     
  0.20547920181470589     
  0.20569369511654073     
  0.20512675087110580     
  0.20304614018276834     
  0.20047979245184455     
  0.20302241148992548     
  0.20130241437737392     
  0.19854320614425625     
  0.19947815826467707     
  0.19933597304664327     
  0.20215934022569948     
  0.20499841658571444     
  0.20534136307290055     
  0.20447020610433575     
  0.20523960370404151     
  0.20559317388570794     
  0.20558301862736297     
  0.20649008701630797     
  0.20767337753204063     
  0.20676453450656496     
  0.20805108231613542     
  0.20579757094185072     
  0.20380828313310315     
  0.20235881039612469     
  0.20567076135850729     
  0.20528234513483490     
  0.20505920564287203     
  0.20425089448542663     
  0.20406977200693435     
  0.20487256459338377     
  0.20579815010919467     
  0.20445004777717737     
  0.20357815514807293     
  0.20284732789115875     
  0.20383413204372355     
  0.20547278240077965     
  0.20800968612161852     
  0.20786295465447893     
  0.20425067500596114     
  0.20234492195119411     
  0.20204553018484014     
  0.20043346744430809     
  0.20126328005089200     
  0.20225033063070125     
  0.19938009300383516     
  0.20451588057896500     
  0.20181013181870103     
  0.20142241803976632     
  0.20210295928704539     
  0.20491915766597843     
  0.20659127581767017     
  0.20613211998892422     
  0.20671304417574995     
  0.20565998408576100     
  0.20601634800528890     
  0.20380781330427689     
  0.20540490620808208     
  0.20571008205728192     
  0.20571070592377791     
  0.20546128709615336     
  0.20380203618710052     
  0.20337206812932485     
  0.20373548282332257     
  0.20569353843025251     
  0.20561586354795633     
  0.20835803915128046     
  0.20781251740946388     
  0.20828044204834448     
  0.20781154998898965     
  0.20833554024986781     
  0.20969578131713135     
  0.20739297478850768     
  0.20828261134444723     
  0.20834460705826216     
  0.20616346886488870     
  0.20751231948922805     
  0.20496714470228969     
  0.20387128578546765     
  0.20455832392833490     
  0.20280098793411994     
  0.20420394807049416     
  0.20428039539687351     
  0.20359610050608917     
  0.20513099542224084     
  0.20420482360445491     
  0.20651152900751032     
  0.20391735399019567     
  0.20628686610389657     
  0.20530321145931280     
  0.20427751912800990     
  0.20306555598590303     
  0.20411513819982005     
  0.20310244445580231     
  0.20402909821489487     
  0.20655747459955051     
  0.20594899892215512     
  0.21014417557123777     
  0.20728899344000642     
  0.20694690537290827     
  0.20831242400284800     
  0.20731366847747157     
  0.20638739211877005     
  0.20666068146013597     
  0.20510775855036850     
  0.20618847706358642     
  0.20466189569167856     
  0.20313708681738465     
  0.20338265765212143     
  0.20490033484986955     
  0.20496308852779613     
  0.20707998217397655     
  0.20744729218450497     
  0.20755120278301079     
  0.20925880017367654     
  0.20890217224583665     
  0.20783999857353305     
  0.20580615177467212     
  0.20746959038344226     
  0.20939484259076338     
  0.20829962852010875     
  0.20876453597039124     
  0.20936461352289029     
  0.20621780729980416     
  0.20884234573530946     
  0.20720494189095062     
  0.20655731957604093     
  0.20566340029811531     
  0.20597791256804304     
  0.20595689651928958     
  0.20326493596474329     
  0.20301534328589266     
  0.20474736679392311     
  0.20742755550272560     
  0.20680984980304198     
  0.20815618683538620     
  0.21072794619234997     
  0.21236609044259908     
  0.21438584084912679     
  0.21604098172620606     
  0.21175823466352570     
  0.20859875331100755     
  0.20721557237727783     
  0.20486571256649366     
  0.20567794243431681     
  0.20681337866739319     
  0.20426098716332813     
  0.20320016320287682     
  0.20459939561322524     
  0.20478163291473159     
  0.20461699965813956     
  0.20720388090835729     
  0.20542086532225315     
  0.20560856030798166     
  0.20460665938629596     
  0.20701863641469317     
  0.20616624102860143     
  0.20816669547821834     
  0.20391055897372065     
  0.20474598987419612     
  0.20469069043640289     
  0.20541671907195957     
  0.20835278366123108     
  0.20599546325962259     
  0.20262205583800058     
  0.20366352834341314     
  0.20383193614290246     
  0.20651309043144417     
  0.20132925897025483     
  0.20257306840556166     
  0.20516815255857121     
  0.20579910896622311     
  0.20570478991079746     
  0.20434193500999256     
  0.20540157480736959     
  0.20195548971349125     
  0.20421419825701018     
  0.20398738404846281     
  0.20464539544161284     
  0.20434173418682430     
  0.20421378184035990     
  0.20692712815510336     
  0.20747837825635299     
  0.20727095946661606     
  0.20939765425998744     
  0.20569785466246088     
  0.20612432838908873     
  0.20597435072273229     
  0.20683967140101722     
  0.20437890746780130     
  0.20541059766289876     
  0.20493568405199031     
  0.20776390931720506     
  0.20889913149861625     
  0.20846834971276887     
  0.20931089378995746     
  0.20709364962829505     
  0.20474995144802399     
  0.20503837606436615     
  0.20453310292270444     
  0.20357975842039672     
  0.20438453796261666     
  0.20571020952967822     
  0.20611549420216879     
  0.20514589908833766     
  0.20510603291516880     
  0.20628326637138891     
  0.20584656976346341     
  0.20787773220088723     
  0.20797422134914956     
  0.20662448771997341     
  0.20854476574399161     
  0.21083227077564376     
  0.21171062427898549     
  0.21024648904346613     
  0.20636545455443417     
  0.20714004361469862     
  0.20669973871942682     
  0.20346787321660528     
  0.20440402930018906     
  0.20498281264160467     
  0.20575019513890408     
  0.20661472414990864     
  0.20613220929059189     
  0.20408256664810465     
  0.20212222762065668     
  0.20183858302723739     
  0.20081615010379886     
  0.20367119457687252     
  0.20653137075000744     
  0.20682269190476976     
  0.20663221620691555     
  0.20556047057302762     
  0.20690112585241241     
  0.20618863702535697     
  0.20521256604130886     
  0.20370035757433538     
  0.20427576313586038     
  0.20348270765335186     
  0.20039443018629025     
  0.20261575137304866     
  0.20434868425335487     
  0.20633008494884972     
  0.20460826855282593     
  0.20613634929927385     
  0.20696852306074467     
  0.20800507475127081     
  0.20722445548787724     
  0.20971675165449721     
  0.20729127429572411     
  0.20831951254236700     
  0.20669746788271340     
  0.20826795815682253     
  0.20639820118566210     
  0.20464943607295530     
  0.20554780636369749     
  0.20338231036345558     
  0.20543349663120136     
  0.20748181772903412     
  0.20723992657417348     
  0.20869019852852344     
  0.20840097190803830     
  0.20777926933782878     
  0.21123436271318835     
  0.20814095994148196     
  0.20793581062366592     
  0.20548516325940053     
  0.20379235815471614     
  0.20305968269374122     
  0.20367377896804625     
  0.20538486506695086     
  0.20155097938153660     
  0.20274063628087219     
  0.20356504196860964     
  0.20361315709218847     
  0.20196963714349722     
  0.20483770167068333     
  0.20567856334734599     
  0.20657086840277611     
  0.21023652079434374     
  0.20597692525342537     
  0.20765303634936369     
  0.20709866017916126     
  0.20674836276961209     
  0.20600573121699958     
  0.20323442791621346     
  0.20070544151063691     
  0.20354669681895710     
  0.20265907315509543     
  0.20306263665236865     
  0.20366311637402082     
  0.20896670999919903     
  0.20971926757134077     
  0.21091820253596388     
  0.21031745515128808     
  0.20933321701177579     
  0.20599500737819326     
  0.20323417342660691     
  0.20487362496975248     
  0.20327815453935347     
  0.20446489098439197     
  0.20540128091173343     
  0.20498673269683337     
  0.20239860234359136     
  0.20152337110358495     
  0.20075730902164896     
  0.20585323290694316     
  0.20574590331788348     
  0.20530323346242102     
  0.20652828332682865     
  0.20683181967028846     
  0.20754733070057926     
  0.20558550034521070     
  0.20358600350482739     
  0.20408229376301673     
  0.20593107838414926     
  0.20839689282935175     
  0.20566998785071547     
  0.20366690366317367     
  0.20247211265696866     
  0.19862246347718773     
  0.19872349814751811     
  0.20142903602841733     
  0.20500465564856049     
  0.20365227039715869     
  0.20554135778291185     
  0.20338326879773380     
  0.20486695942795080     
  0.20257517707918146     
  0.20253410025553487     
  0.20349037948728577     
  0.20505131498581974     
  0.20435413174067563     
  0.20579079119618515     
  0.20260024744528490     
  0.20398019646430057     
  0.20479306844018144     
  0.20566580760701059     
  0.20563410039582608     
  0.20662978423801837     
  0.20415665100056102     
  0.20506099279291362     
  0.20426600208923787     
  0.20499217896734126     
  0.20417836099635411     
  0.20181885196248678     
  0.20150541111620540     
  0.20060223595794024     
  0.20160909173724817     
  0.20219266300106536     
  0.20101492825520512     
  0.20045706917628558     
  0.20222120598755175     
  0.20369425667226099     
  0.20282667436787535     
  0.20498380921547898     
  0.20529363303356926     
  0.20501519806462748     
  0.20442334249813310     
  0.20631011679927133     
  0.20398545382073077     
  0.20625828550644709     
  0.20576967364026447     
  0.20452525830863494     
  0.20493146340156440     
  0.20325608415480029     
  0.20154040759003988     
  0.20499843221138897     
  0.20487498862403278     
  0.20523313703767068     
  0.20793675723349636     
  0.20768371795760676     
  0.20780706411288527     
  0.20625280882959235     
  0.20510223395273638     
  0.20403958152203494     
  0.20547366054619653     
  0.20341213859994015     
  0.20692599330577668     
  0.20642465858527423     
  0.20987988976063729     
  0.20887256084806555     
  0.20529588458798823     
  0.20558897078063623     
  0.20520998539405394     
  0.20548047817147830     
  0.20508115781532904     
  0.20510778464929205     
  0.20180833753076285     
  0.20262904531229595     
  0.20253380192036591     
  0.20261415283893686     
  0.20261172867132576     
  0.20296453516030405     
  0.20436253797308079     
  0.20669925752581264     
  0.20787065216391304     
  0.20519044656373991     
  0.20723566791942105     
  0.20833920812682202     
  0.20824635478051051     
  0.20570704077091673     
  0.21096177261250734     
  0.20904044036276084     
  0.20798660049000875     
  0.20694203217714094     
  0.20778504478000959     
  0.20588033763285277     
  0.20478421335324537     
  0.20459752713671708     
  0.20650205984915967     
  0.21005918219439274     
  0.20652242122414155     
  0.20958967680246013     
  0.20974338159577610     
  0.20894380715477109     
  0.20894356553787294     
  0.20636824955920893     
  0.20839831654495633     
  0.20917001825131792     
  0.20978649920595893     
  0.21006969283654292     
  0.20823165001901228     
  0.20780445200797742     
  0.20600606480275341     
  0.20499959634879678     
  0.20589803388560188     
  0.20587950105500755     
  0.20421292925107759     
  0.20415949727810936     
  0.20380029949045383     
  0.20381419728081426     
  0.20276343605649083     
  0.20069029216614007     
  0.19969386516778784     
  0.19831989836836642     
  0.19885308418003855     
  0.20157497034404487     
  0.20163244407311232     
  0.20050903144487239     
  0.19870855120701036     
  0.19927446033738558     
  0.20063376624812349     
  0.20157743021522809     
  0.20274648149824231     
  0.20235356227807652     
  0.20402629753024315     
  0.20323051836503547     
  0.20513370162364969     
  0.20533157093006232     
  0.20455207941817735     
  0.20694499648473474     
  0.20724151418458345     
  0.20956302303473287     
  0.20884967580089897     
  0.20594732707065386     
  0.20869779498834284     
  0.20969302352153352     
  0.20860445387935203     
  0.20615406372886835     
  0.20586444089986813     
  0.20727740422688282     
  0.20616472527919402     
  0.20703259059581469     
  0.20641408284247720     
  0.20393490504859205     
  0.20413905805065835     
  0.20390778767891238     
  0.20144284160253689     
  0.19996250375265595     
  0.20030456837067992     
  0.20158199134377841     
  0.20190276997673956     
  0.20311437919715761     
  0.20363752200761737     
  0.20621143188143545     
  0.20443857406111265     
  0.20299414330608506     
  0.20528697001200563     
  0.20432929413813103     
  0.20435210680064966     
  0.20481772723994074     
  0.20741880751931790     
  0.20857731985594483     
  0.20839307300831694     
  0.20679780095711758     
  0.20789953171294356     
  0.20846501243053936     
  0.20870514597064410     
  0.20902423217567101     
  0.20900370088158307     
  0.21071495563515566     
  0.20928598100851789     
  0.20976864839275056     
  0.21079451092676979     
  0.21285459743890872     
  0.21290642835607376     
  0.21216782353820984     
  0.20963088885016309     
  0.20850074617716452     
  0.20698358021529401     
  0.20873502121731655     
  0.20799702844504211     
  0.21033537956311613     
  0.21081151476249060     
  0.20888825698273944     
  0.20929251846292032     
  0.20824616363350884     
  0.20761608743548440     
  0.20635963849037711     
  0.20552859094655865     
  0.20679243631887495     
  0.20548074548272627     
  0.20438724754046575     
  0.20447212441281984     
  0.20557414522152812     
  0.20910867453081192     
  0.20654062185076255     
  0.20692876742321714     
  0.20676126925967026     
  0.20868331824832068     
  0.20911025347582704     
  0.21101667668258040     
  0.21023871836790989     
  0.21273468749344865     
  0.21035415521313652     
  0.20906313457488035     
  0.20850359423535142     
  0.20830770586647579     
  0.20814232887837264     
  0.21104840500683952     
  0.20788485494439143     
  0.20803429354535410     
  0.20653204090487418     
  0.20554082496863069     
  0.20311236170096705     
  0.20701633715443116     
  0.20700752827795418     
  0.20772073102094921     
  0.20574128258834648     
  0.20822988462079819     
  0.20872641640035605     
  0.20778352506551370     
  0.20933691351341532     
  0.20632976564189801     
  0.20671109382217112     
  0.20689741756970068     
  0.20580143891048891     
  0.20705338980577895     
  0.20782640471295519     
  0.20865096378061179     
  0.20731371678985980     
  0.20579168745331383     
  0.20212370642964075     
  0.20173731260329622     
  0.20121712892349117     
  0.20234731091184752     
  0.20386806943449515     
  0.20504654183367954     
  0.20533935258414679     
  0.20823179543657855     
  0.20548152781571377     
  0.20391468351461131     
  0.20465398431476575     
  0.20102020070494547     
  0.20330218746412040     
  0.20311428470263576     
  0.20081833671137647     
  0.20117177776163944     
  0.20406364384162298     
  0.20652089231085241     
  0.20561139508197598     
  0.20592104809729050     
  0.20826706868115877     
  0.20744978085845567     
  0.21032232949449520     
  0.20852184605990412     
  0.20503212957725997     
  0.20284386444266078     
  0.20375579169381061     
  0.20437059532917207     
  0.20406619899276587     
  0.20362225384137961     
  0.20407633440016870     
  0.20267458329697172     
  0.20136780286009043     
  0.20143707897961302     
  0.20462784419357760     
  0.20614797117909464     
  0.20523359675144723     
  0.20434793799146483     
  0.20613256138102734     
  0.20584567468662063     
  0.20451046541837439     
  0.20656738573183731     
  0.20879689074738597     
  0.20665838251665103     
  0.20567584600339661     
  0.20724110896442877     
  0.20689210987416015     
  0.20551614133309740     
  0.20652307051639096     
  0.20416999805165692     
  0.20429987432937338     
  0.20473420736668121     
  0.20688220301849586     
  0.20720817478501147     
  0.20768624081146547     
  0.20998649892914745     
  0.20774121542020915     
  0.20789141699745303     
  0.20749020079637537     
  0.20651057153983807     
  0.20812534322759976     
  0.20692976543155694     
  0.20528855996174061     
  0.20798790218085358     
  0.20702380526588191     
  0.20583519053927268     
  0.20437477854665448     
  0.20548551815502955     
  0.20413088570294555     
  0.20408987626831462     
  0.20480994446961598     
  0.20531345208891405     
  0.20371268436185319     
  0.20514667068737638     
  0.20647538249851558     
  0.20363764137691961     
  0.20442137824563897     
  0.20423534457954035     
  0.20341426178374511     
  0.20357510061442952     
  0.20392034405522391     
  0.20321064899385294     
  0.20439517847698763     
  0.20290272481296129     
  0.20083169236332071     
  0.20204776129409918     
  0.20380721949042779     
  0.20644088289094459     
  0.20443453036785944     
  0.20371627190606692     
  0.20290227433272098     
  0.20315715577974625     
  0.20543500941935197     
  0.20763817799575271     
  0.20779904284887946     
  0.20891799760504356     
  0.20937257799166123     
  0.20420700492784788     
  0.20280807210054211     
  0.20199299739374424     
  0.20405339369785630     
  0.20791391282257718     
  0.20472031706119606     
  0.20269165877603382     
  0.20373320369334877     
  0.20409497160761073     
  0.20412615223129793     
  0.20420878613240340     
  0.20172678852541243     
  0.20347682553945326     
  0.20339781555201369     
  0.20231501359107196     
  0.20357336224966949     
  0.20496188351497252     
  0.20702275676772394     
  0.20667449577754005     
  0.20793166458028323     
  0.20511010337492344     
  0.20475881257221690     
  0.20069648300698684     
  0.20003833870737128     
  0.20236006450713120     
  0.20528878798426592     
  0.20427795504764631     
  0.20267188446048842     
  0.20342414705070141     
  0.20326001414553641     
  0.20631624729905290     
  0.20771748542889759     
  0.20759189968179345     
  0.20622993594306449     
  0.20534095886176210     
  0.20665874850895594     
  0.21010127926707292     
  0.20906210068511760     
  0.20830811470590935     
  0.20801572904268745     
  0.20637175213388162     
  0.20557151130682652     
  0.20569106837883941     
  0.20584942479770188     
  0.20352209658359693     
  0.20588268280451799     
  0.20472305791151857     
  0.20438306046882798     
  0.20583065670071396     
  0.20525031262909010     
  0.20239489091273011     
  0.20416730267921890     
  0.20283996094895529     
  0.20299845131933952     
  0.20184157267668262     
  0.20316997659622377     
  0.20243992992387544     
  0.20240059718046496     
  0.20324141012988992     
  0.20412379294839136     
  0.20537256881105140     
  0.20625545628594211     
  0.20745842800729900     
  0.20688471509260359     
  0.20578886209631225     
  0.20545637277167045     
  0.20349286434927458     
  0.20333352853391670     
  0.20311016036707849     
  0.20295022819749575     
  0.20467701111744721     
  0.20320217696327508     
  0.20264408420762803     
  0.20530802415691368     
  0.20671577188299115     
  0.20910098443259109     
  0.20873625007941293     
  0.20890505642547347     
  0.20755153427584586     
  0.20602302914417175     
  0.20808101470745988     
  0.20611234825547478     
  0.20822211694868190     
  0.20737483387177055     
  0.20435756996938825     
  0.20608227286524794     
  0.20549431519537312     
  0.20359121073272757     
  0.20309031351475285     
  0.20656107509013683     
  0.20628539718433619     
  0.20589737665490773     
  0.20286881666048548     
  0.20391288531255428     
  0.20322816521190135     
  0.20564628641832905     
  0.20641788717248796     
  0.20647493111673970     
  0.20866675819384461     
  0.20495898967779194     
  0.20447723950890956     
  0.20554466469306515     
  0.20549283696925502     
  0.20544528878043003     
  0.20542586784765932     
  0.20569868257538040     
  0.20641083961897302     
  0.20737729742504324     
  0.20664847041488962     
  0.20526897389007090     
  0.20390645440624311     
  0.20114788777982764     
  0.20189276444596729     
  0.20379404693176767     
  0.20329576463270629     
  0.20304382306560412     
  0.20084432137511965     
  0.20301592385146588     
  0.20506772019869829     
  0.20561633032084575     
  0.20437840759113698     
  0.20464100754528844     
  0.20657014375719346     
  0.20549978258431104     
  0.20542437428127233     
  0.20462846469270249     
  0.20328648230779506     
  0.20278952749089352     
  0.20296086811503006     
  0.20133386729917419     
  0.20297472521934323     
  0.20477004128083157     
  0.20405854982019100     
  0.20458327178566107     
  0.20365345520959224     
  0.20463322461050842     
  0.20264538794623746     
  0.20467282577727006     
  0.20453995412238804     
  0.20258061725377488     
  0.20410841431886290     
  0.20560445306131009     
  0.20459891898451438     
  0.20332255625000792     
  0.20327600024531606     
  0.20674727674512028     
  0.20768966286016635     
  0.20916855282686142     
  0.20927176828471644     
  0.20804833144238116     
  0.21048604726839695     
  0.20622661650345975     
  0.20795589625978836     
  0.20719743323843873     
  0.20752737093140486     
  0.20855244313187157     
  0.20423084614623574     
  0.20843957229115836     
  0.20611376577073140     
  0.20183467188030690     
  0.20376494137162349     
  0.20688740469391717     
  0.20512829422366285     
  0.20345875672436922     
  0.20410402446456125     
  0.20882991096084555     
  0.20774493684747875     
  0.20660071281892517     
  0.20772311088808174     
  0.20654284263472161     
  0.20577686077444624     
  0.20454104238590962     
  0.20283267637240862     
  0.20485929545356069     
  0.20365041512510998     
  0.20211752235335012     
  0.20256178312584050     
  0.20162578125582481     
  0.20075652766302798     
  0.20319777603974135     
  0.20348209084040397     
  0.20362379694024205     
  0.20367822419184539     
  0.20451775035973402     
  0.20368969461358188     
  0.20552841030804767     
  0.20447814942147813     
  0.20474141632762607     
  0.20659852545882618     
  0.20760919882681356     
  0.20721209088920073     
  0.20409823997045926     
  0.19992227538891427     
  0.20054771091816320     
  0.20135021607789250     
  0.20013528017862775     
  0.20356923700558524     
  0.20409362597135544     
  0.20418917061980538     
  0.20448451942831400     
  0.20458153396427861     
  0.20550414279340234     
  0.20481880846829545     
  0.20514530974206480     
  0.20647677354975388     
  0.20757199289958439     
  0.20467126818733597     
  0.20138182895165607     
  0.20194514504576577     
  0.20294948288435927     
  0.20394997639358906     
  0.20222101154542013     
  0.20295985013579187     
  0.20403492929027794     
  0.20637839677989955     
  0.20495188605177517     
  0.20714316996325721     
  0.20716442210177999     
  0.20641056089273530     
  0.20705339366492173     
  0.20586083064289781     
  0.20569298884259957     
  0.20729223334819427     
  0.20935946548733317     
  0.20891832270509395     
  0.20937143724552737     
  0.20883487625132532     
  0.21011143008493352     
  0.20932458797351977     
  0.20781225439307224     
  0.20740172626867881     
  0.20788204536500701     
  0.20917599721103936     
  0.21041302675465473     
  0.20822754981105709     
  0.20841676701178158     
  0.20530070876568954     
  0.20538770009648211     
  0.20759072273091006     
  0.20687261794732625     
  0.20689265127953171     
  0.20389652194421540     
  0.20500722582018793     
  0.20427225757510709     
  0.20358783662047486     
  0.20773579014666690     
  0.20805816076470302     
  0.20992253503409189     
  0.20640421421695446     
  0.20382657937196969     
  0.20576471037874255     
  0.20547604043564557     
  0.20639590568241994     
  0.20567609088530722     
  0.20726471879177263     
  0.20563095910237028     
  0.20742175780652727     
  0.20753605440226799     
  0.21089842639769465     
  0.20890784723388212     
  0.20792982745537092     
  0.20827786258566341     
  0.20850574987002599     
  0.20773829243072325     
  0.20691030051357906     
  0.20741436723832049     
  0.20397579313907913     
  0.20552886989047930     
  0.20732522792836150     
  0.20797891804801236     
  0.20610343784130186     
  0.20571569511189725     
  0.20694103658962490     
  0.20748447344118431     
  0.20579198158773682     
  0.20824543795070297     
  0.20847483534565228     
  0.20765501575245363     
  0.20624193776118258     
  0.20476021077352460     
  0.20708073263582299     
  0.20670175567443028     
  0.20731467555496505     
  0.20529069142816433     
  0.20474743597573661     
  0.20363266191926377     
  0.20408174238110202     
  0.20370677944240456     
  0.20331986074612643     
  0.20581928734019159     
  0.20269094012470465     
  0.19990826055231384     
  0.19931745540455123     
  0.20181230862217603     
  0.20298306008739708     
  0.20379947326266393     
  0.20481321412691320     
  0.20456038238138180     
  0.20499334218083681     
  0.20230074020873950     
  0.20399455258886945     
  0.20275515475631803     
  0.20155995986840117     
  0.20153632078296999     
  0.20270650039596227     
  0.20388486081090421     
  0.20639127442795832     
  0.20675859771740940     
  0.20678625648354096     
  0.20648972444096955     
  0.20540376658373957     
  0.20407195932391059     
  0.20366347640844901     
  0.20638801246822272     
  0.20516213802519132     
  0.20666987222001712     
  0.20634784889933033     
  0.20698107765935234     
  0.20641174451240346     
  0.20482515592250455     
  0.20302488888346965     
  0.20182018573854832     
  0.20505076625416543     
  0.20518714006007172     
  0.20533489883431075     
  0.20460073884526633     
  0.20487333719039960     
  0.20440896575588507     
  0.20506922624299859     
  0.20458199161159193     
  0.20501173654702481     
  0.20481962120825781     
  0.20584839284414930     
  0.20712491635778424     
  0.20505954466944698     
  0.20653986618196690     
  0.20337780289376642     
  0.20520975060617597     
  0.20367040095856637     
  0.20202314881557407     
  0.20323133950750619     
  0.20299529827828905     
  0.20498296381021991     
  0.20342182029687744     
  0.20547197640361681     
  0.20420160502053597     
  0.20435677106814210     
  0.20356666462868023     
  0.20599523234473197     
  0.20460477533895308     
  0.20697646385140686     
  0.20330604234771346     
  0.20667102526054346     
  0.20443750854941384     
  0.20363970575828735     
  0.20442046529084998     
  0.20725517888649808     
  0.20587753446295987     
  0.20304882397128282     
  0.20193240542925142     
  0.20410301101336870     
  0.20380231865872520     
  0.20364034622000285     
  0.20351495863620708     
  0.20612523466654672     
  0.20776765335687622     
  0.20808312704112703     
  0.20854999085432666     
  0.20843291699125677     
  0.20955637210041028     
  0.21039406272967898     
  0.20635879360166631     
  0.20721770998669897     
  0.20432350408188754     
  0.20424320346380559     
  0.20275902962910297     
  0.20250640253249480     
  0.20309905202228634     
  0.20417845452768296     
  0.20366841627900115     
  0.20306370852053884     
  0.20307090444086509     
  0.20216344019915966     
  0.20257584109643312     
  0.20397891087761330     
  0.20532360360979052     
  0.20339617192920170     
  0.20430529883896864     
  0.20414554902522825     
  0.20675143005417684     
  0.20354650428061702     
  0.20481849972098051     
  0.20776104294458897     
  0.20349995122167258     
  0.20278867424013255     
  0.20208971716054960     
  0.20305796705232912     
  0.20395351207949261     
  0.20464431762391760     
  0.20611245846166290     
  0.20379217437355679     
  0.20303855352145950     
  0.20482991684393403     
  0.20570322274492336     
  0.20386710677330760     
  0.20152830631810048     
  0.20284092394379327     
  0.20632145812549646     
  0.20755860823891401     
  0.20884985948220489     
  0.20776983870541380     
  0.20606371616978297     
  0.20385205038333204     
  0.20194609345329945     
  0.20298427765596647     
  0.20277042021430242     
  0.20357651156083253     
  0.20553466182027150     
  0.20746397563932029     
  0.20939176966340053     
  0.20755894376615106     
  0.20814403964723993     
  0.20652440924509743     
  0.20728799673633908     
  0.20704728346447707     
  0.20486130119002469     
  0.20544799355269711     
  0.20616989709677125     
  0.20367418023597708     
  0.20247503195782446     
  0.20013880385182833     
  0.20265109695952749     
  0.20562293836797202     
  0.20655368831815513     
  0.20724007337594164     
  0.20515153587193119     
  0.20505795278204542     
  0.20357349457369622     
  0.20599585778247420     
  0.20553638672911564     
  0.20505560493154268     
  0.20330319334759145     
  0.20263833539388504     
  0.20301038334719831     
  0.20420634719672123     
  0.20517401519839040     
  0.20298067756882182     
  0.20261920135572686     
  0.20372267867469113     
  0.20447369117833017     
  0.20354387604258559     
  0.20488868379007902     
  0.20734453684725229     
  0.20576810245428934     
  0.20523387385279102     
  0.20804680271911022     
  0.20947034791082259     
  0.20896689458566084     
  0.20777719162052466     
  0.20434188564508568     
  0.20383871695249245     
  0.20508889396090596     
  0.20681636407406859     
  0.20285898135386612     
  0.20298779181980367     
  0.20540351790472844     
  0.20540863064786927     
  0.20619970291272097     
  0.20565017737782676     
  0.20678030317997173     
  0.20853520639975154     
  0.21121630717723586     
  0.21248572874268024     
  0.20885802157372160     
  0.20915528044876658     
  0.20725907034490706     
  0.20864135109274429     
  0.20955083435475760     
  0.20874886627102859     
  0.20925919026927361     
  0.20671293492705251     
  0.20606912546931866     
  0.20511729489253711     
  0.20536219786796894     
  0.20706212355587980     
  0.20373306360684190     
  0.20581474108406259     
  0.20637873174329571     
  0.20413605105186305     
  0.20477135214435524     
  0.20469288584041465     
  0.20234499925946597     
  0.20137260327022966     
  0.20599579442348881     
  0.20449038794880728     
  0.20303652129787561     
  0.20383646807733183     
  0.20516787135815942     
  0.20296416718362356     
  0.20360251899531639     
  0.20510424180088541     
  0.20439543877731869     
  0.20550411803059856     
  0.20469084175076382     
  0.20562998373993982     
  0.20578436498227304     
  0.20589580260028115     
  0.20400796929776097     
  0.20488598592336887     
  0.20456604185811889     
  0.20626038379058034     
  0.20400763417652268     
  0.20367684768494612     
  0.20668927819127614     
  0.20888107406185730     
  0.20597525561355018     
  0.20812977129356064     
  0.20588708800745312     
  0.20406379381061818     
  0.20347421341205404     
  0.20344985064175977     
  0.20105440465939453     
  0.19972532347832575     
  0.20271321452439878     
  0.20338770585230675     
  0.20495937972321951     
  0.20380423048949201     
  0.20281783936290199     
  0.20221177436295687     
  0.20523109724942512     
  0.20715258521096852     
  0.20547929642674689     
  0.20420928223268228     
  0.20325787668803488     
  0.20448532004623651     
  0.20615862451496927     
  0.20633930622497490     
  0.20726492860557971     
  0.20839041428450483     
  0.20763658943352908     
  0.20762026401056125     
  0.20605864501646756     
  0.20909146697812644     
  0.20897853250932946     
  0.21015931426523868     
  0.21112253174109752     
  0.20679274711509635     
  0.20511896757837478     
  0.20622318610475798     
  0.20576571499505455     
  0.20428282627627495     
  0.20636580422426115     
  0.20799187637640210     
  0.20723547691298511     
  0.20475803651726818     
  0.20445576510298338     
  0.20642312975275448     
  0.20831327789829882     
  0.20715291712261052     
  0.20694250170092532     
  0.20772069541545649     
  0.20988039928059940     
  0.20792769397881486     
  0.20674229985622439     
  0.20692519726136127     
  0.20650197129954165     
  0.20643324181007813     
  0.20509472098426113     
  0.20554446780455510     
  0.20453686623835476     
  0.20639539409701371     
  0.20699906206224156     
  0.20610886443668724     
  0.20587681009192521     
  0.20645728985032241     
  0.20711784723759166     
  0.20635193776724395     
  0.20646618294369723     
  0.20537824441668245     
  0.20225017794603140     
  0.20085130447870006     
  0.20284799254804642     
  0.20657898328400756     
  0.20336234253523577     
  0.20445801041006484     
  0.20394069935092840     
  0.20329969973831832     
  0.20499208471767275     
  0.20382251593764264     
  0.20426084064118541     
  0.20307941491766385     
  0.20589192852189150     
  0.20467145741646753     
  0.20340920444525892     
