  0.39480716313889369     
  0.39237096736428412     
  0.39373634282524717     
  0.39242361543182619     
  0.39032960202464229     
  0.39014701590759004     
  0.39319160977959228     
  0.39399482291991716     
  0.39946310239032129     
  0.39485449184543792     
  0.39512825395473322     
  0.39843221199658430     
  0.39421111447751173     
  0.39086077230140992     
  0.38944039040589723     
  0.39043964630108069     
  0.39509908793647086     
  0.39698093515265609     
  0.39312821967702627     
  0.39027169574073911     
  0.38961191957152330     
  0.38764568930505661     
  0.38659458594453466     
  0.38633398576921602     
  0.38862381738133112     
  0.38667934247339814     
  0.39045883598728620     
  0.38823603167192461     
  0.39082301660299090     
  0.39191308219591731     
  0.39152042565788847     
  0.39077636573091828     
  0.39425368613975970     
  0.39466855426771702     
  0.39539928155743753     
  0.39425719836462370     
  0.39761694878234116     
  0.39862946955569084     
  0.39001543836341335     
  0.39081253444968078     
  0.39038197983205181     
  0.38855267404005289     
  0.38842377731199951     
  0.38448740642509044     
  0.38779767141988175     
  0.38211166817562320     
  0.38667670587350522     
  0.38708881680740925     
  0.39226865607582939     
  0.38867242964845289     
  0.39007606255760097     
  0.39489640920744973     
  0.39711399358399463     
  0.39323019111917773     
  0.38846412088406523     
  0.39007961488061438     
  0.38894876111706117     
  0.39153696804861843     
  0.39228413857075961     
  0.39223157413791349     
  0.39053277767122546     
  0.38915335120781924     
  0.39309798346904856     
  0.39053104319863124     
  0.38940628412650397     
  0.39162903800198562     
  0.39204171918279207     
  0.39014169935881937     
  0.38933981499404119     
  0.38916019046876138     
   2.2459690847337632     
   1.4837180578450255     
   1.0465131055764072     
  0.77941977561335618     
  0.61909295462723479     
  0.53006438485249996     
  0.48544381228520600     
  0.44140170879032098     
  0.42125764419099637     
  0.41254720732829497     
  0.40368760579763058     
  0.39353895080061529     
  0.39275772144058829     
  0.39236585306528027     
  0.39494766104870338     
  0.38987563564056726     
  0.38927696543772938     
  0.39266902438812901     
  0.39693654675097301     
  0.39654367039235822     
  0.39392261419208713     
  0.39246983701602445     
  0.39047985025538806     
  0.39454768225274178     
  0.43429961696152214     
  0.41196957222171160     
  0.40812082413740991     
  0.40210148299023724     
  0.53599714515099250     
  0.46636267582133911     
  0.43514254824418619     
  0.41730771917905474     
  0.40455992037147936     
  0.39998967863490958     
  0.39660496569376152     
  0.39775297562216677     
  0.39648909948024219     
  0.39648039230883442     
  0.38818766016800166     
  0.39520316953912277     
  0.39246308433021215     
  0.39340724000547739     
  0.39285964794418632     
  0.39612645070019320     
  0.39403220990016052     
  0.39099215054967473     
  0.39788939144724106     
  0.39776156664330498     
  0.44581376703312509     
  0.42674804033676739     
  0.43393419426046642     
  0.42026845055828249     
  0.40830939145945527     
  0.40224081030460573     
  0.40520096870337396     
   1.2204054193780243     
  0.90527096521095984     
  0.70324715637876523     
  0.58293369446714460     
  0.50425632683480059     
  0.45554455864791443     
  0.42603176741305676     
  0.41065180300993243     
  0.47219145511316862     
  0.43755539247636532     
  0.42145537024432228     
  0.40534454225488509     
  0.39983623529733719     
  0.57912700676530005     
  0.50661236741879012     
  0.45499947739106444     
  0.42702913741670406     
  0.41703340151564161     
  0.40289326748848714     
  0.39512977262683419     
  0.39564849993211382     
  0.40077109466485261     
  0.38939353193341725     
  0.38737785478125475     
  0.39145083005884163     
  0.39040485587121770     
  0.39020868893864369     
  0.39318742497462617     
  0.39210308523914783     
  0.39437486807788119     
  0.39363778117829940     
  0.39481851674535379     
  0.39816528351422376     
  0.39461531162803193     
  0.39481921457809327     
  0.39620292566125054     
  0.39317074304771665     
  0.39237163801269881     
  0.48222673191953147     
  0.44096974983965098     
  0.41706294474774841     
  0.40513450500016562     
  0.39675627245214040     
  0.39248854577713260     
  0.38959198284088237     
  0.38828110590684844     
  0.39176701097916561     
  0.39236026917646316     
  0.39248699145893157     
  0.39120397520589195     
  0.39233196851772001     
  0.39189506588445350     
  0.39538316569986343     
  0.39176183760924821     
  0.38779773473554341     
  0.38915638548454445     
  0.39214073141662381     
  0.39365394099096734     
  0.38941737736791848     
  0.38980049332337591     
  0.39259666818799860     
  0.39709013097262136     
  0.39420820636579662     
  0.39709224369279439     
  0.39564695876911982     
  0.44600457409375210     
  0.42079016059256952     
  0.40767323781047060     
  0.40112123817111284     
  0.40176713365077044     
  0.39459131222966803     
  0.39474519603551500     
  0.39436170500481288     
  0.39157236695017583     
  0.39148455875851496     
  0.38826070630266729     
  0.39057861724171544     
  0.39417152329841698     
  0.39224835912233635     
  0.38811261578432754     
  0.39103222853184988     
  0.38775245450815066     
  0.39037805658441127     
  0.39025257042072331     
  0.38828669614230399     
  0.44304449460465223     
  0.42044229108889736     
  0.40558210645617881     
  0.39608555536898704     
  0.39788492276950593     
  0.39336803498933121     
  0.39655911482507977     
  0.39786821916910253     
  0.40577307853913408     
  0.40357167014863882     
  0.39929907147777499     
  0.40234596762675939     
  0.39627447352796724     
  0.39600584852034842     
  0.39094531152331091     
  0.38887245824481509     
  0.38856611635358651     
  0.38675591693199912     
  0.38403840332202932     
  0.40994594550203800     
  0.40109232376591158     
  0.39689588236156575     
  0.39023524106175622     
  0.38902703553514684     
  0.38865706809048012     
  0.38799789161164661     
  0.38936549776862578     
  0.39324704585826908     
  0.38996725031105473     
  0.39343196651224488     
  0.39270522055889290     
  0.38904757761967651     
  0.38609389537748229     
  0.38899069791835800     
  0.39130315138223465     
  0.39454142389808844     
  0.39039555319901098     
  0.38792295590048215     
  0.38804709731703246     
  0.38701061760838285     
  0.38656323811809679     
  0.38983279488466011     
  0.42913693828634619     
  0.41111894320960862     
  0.40219274318187037     
  0.39926584672200194     
  0.39313174860127875     
  0.39367153980699959     
  0.39329843617900118     
  0.39293582628466800     
  0.38956421544822206     
  0.38900947193608942     
  0.38363934551795403     
  0.38757992346423797     
  0.39288181726537225     
  0.39291229740536665     
  0.39148813069409472     
  0.39159335091127401     
  0.39309982287507816     
  0.39235191660719920     
  0.39381349107966540     
  0.39821330454714632     
  0.39622536559509108     
  0.39823120179043153     
  0.39533294920071732     
  0.39216448927131692     
  0.39190790539170328     
  0.39108640821158558     
  0.39128706374098832     
  0.39377382377961839     
  0.39744713095769418     
  0.39024015420704522     
  0.39190777769359164     
  0.39038392722116133     
  0.39239670069592980     
  0.39227231976402893     
  0.39444033219242164     
  0.39046227679076295     
  0.39169362570634575     
  0.39697649053995554     
  0.39446200750007948     
  0.38806911340448791     
  0.38674641142729316     
  0.39054955633100519     
  0.39471838309615792     
  0.39492228898096771     
  0.39265219940038476     
  0.39277303489736615     
  0.39297943267436736     
  0.39061234722969956     
  0.38696298044200822     
  0.38724767230756774     
  0.39113971653959012     
  0.39061772108309145     
  0.38996242444709034     
  0.39271603969442287     
  0.39519382639153039     
  0.52357259871068462     
  0.46893017738083609     
  0.43545236589885988     
  0.41740434481678690     
  0.40511907789758111     
  0.39871588791400792     
  0.39666610778304062     
  0.39422009769755784     
  0.61763558628869064     
  0.51858969002149413     
  0.46585954679666736     
  0.43258026588183940     
  0.40927799316504099     
  0.40022345252397540     
  0.39829057654590466     
  0.39806339288275727     
  0.39493178525602801     
  0.39645610135896420     
  0.39116598042284778     
  0.39441896964983558     
  0.39465618210077624     
  0.39419635892138821     
  0.39337006256556789     
  0.39509149147561218     
  0.39339468227403901     
  0.38941191541245879     
  0.39891102449272031     
  0.39690968772327573     
  0.39536899543311949     
  0.39058499564947213     
  0.38763791900731576     
  0.39009602993730746     
  0.39086785762991771     
  0.39288382137263184     
  0.39194570940212514     
  0.39192556729661648     
  0.39155469703018497     
  0.39100623021804604     
  0.39548114838975579     
  0.39323254362658744     
  0.39131675503511154     
  0.39581768271434498     
  0.39571449804607028     
  0.39186905208409262     
  0.39138725671707492     
  0.39604880016220556     
  0.39397542158036131     
  0.39615855309090919     
  0.39123481863334958     
  0.39528126889464810     
  0.39621947336714891     
  0.39441691006448498     
  0.39442897276790967     
  0.39646337696236827     
  0.39663702323002303     
  0.39274679608365348     
  0.38919376845151032     
  0.38735808667371285     
  0.38796397312684461     
   23.824483515022031     
   14.897767613524518     
   9.1460171322745936     
   5.7529798814242801     
   3.6817455329726569     
   2.3874473530217166     
   1.5810546115486273     
   1.1096028813333936     
  0.81738842169912329     
  0.63379418176528146     
  0.53256879203083440     
  0.47667941977379130     
  0.44355902602097386     
  0.42595937058002531     
  0.40913886642924269     
  0.40226061354741577     
  0.39942163721001722     
  0.39346399082812616     
  0.39225852145047824     
  0.38927518030327896     
  0.38723570658354367     
  0.38637553298598348     
  0.39068722984550919     
  0.39124834020577309     
  0.39263278824079628     
  0.39237364801769847     
  0.39722245902799908     
  0.40093761962979491     
  0.39391119533240393     
  0.39313532089734410     
  0.39295155161598194     
  0.39186036327606466     
  0.39322018820628074     
  0.39193928841409537     
  0.39472708486490932     
  0.39669008253169580     
  0.39572556353115884     
  0.41226542971799335     
  0.40700916753971633     
  0.39879494097749657     
  0.39570648706718997     
  0.40167830326823817     
  0.40062244950415915     
  0.40531413207767836     
  0.40857132000611801     
  0.40222996027844415     
  0.39875151963048927     
  0.39648745043643485     
  0.39414418655474870     
  0.39141868171326677     
  0.39251939309966166     
  0.38999084426241226     
  0.38962222632649862     
  0.38616275592029281     
  0.38771652147659713     
  0.38751025792096250     
  0.39034174623042422     
  0.39306447305100128     
  0.39726484767008857     
  0.39561622497939547     
  0.39606351025978820     
  0.39182458692269889     
  0.39104459845174611     
  0.39009553264321783     
  0.39165573913699064     
  0.39487162195578968     
  0.39525783297894057     
  0.39111892851189800     
  0.39238632586055855     
  0.39307631473139532     
  0.39447880219429338     
  0.41600132429579290     
  0.39832045304024433     
  0.39340823546796527     
  0.38865748413468382     
  0.39060056075067801     
  0.39470685547696982     
  0.39190358333337211     
  0.44863880312042942     
  0.42657120275250876     
  0.41247342864529679     
  0.40359325542852731     
  0.39553209327735123     
  0.39411662579412665     
  0.39541255988735585     
  0.39365443105173786     
  0.39163682224834173     
  0.46573902844073367     
  0.43791106077520886     
  0.41263053205795619     
  0.40410849570897589     
  0.40152750657291153     
  0.39509204775885892     
  0.39704246401995713     
  0.39464130840978756     
  0.39122615941677230     
  0.39041860195143713     
  0.39120680531205987     
  0.40084248959019253     
  0.39568011292204391     
  0.40564697392838062     
  0.40069984404908077     
  0.39369275249987079     
  0.39502054988454938     
  0.39669541281508969     
  0.39348140402915649     
  0.38990660034683416     
  0.39091163714428367     
  0.39145585067138688     
  0.39446466074888770     
  0.39682610621989972     
  0.40216372328633426     
  0.40112010353428462     
  0.39482318802850164     
  0.39174640601037486     
  0.40054651513625023     
  0.39505365535700976     
  0.39428537332423630     
  0.39411434589839089     
  0.39133794724633625     
  0.39545839897027713     
  0.39340464837646777     
  0.39040114220718031     
  0.38960212471778943     
  0.38963613163804728     
  0.38845825208216184     
  0.39944282479924886     
  0.39315234094715185     
  0.39538334717244178     
  0.40573626366643345     
  0.40125967723089878     
  0.39747913996378642     
  0.39769618122870731     
  0.41344968561754086     
  0.55297285562583365     
  0.48851300608939063     
  0.44457255756764269     
  0.42265981757080207     
  0.40632739192369527     
  0.40224308108459972     
  0.39785594648540440     
  0.39311225703697533     
  0.39075445638005701     
  0.39164577372405468     
  0.39485250679867967     
  0.39313329470850916     
  0.39162871412091460     
  0.39194538169032334     
  0.39187478348006194     
  0.39467609495142780     
  0.39323242493560628     
  0.39129836268831136     
  0.39034197440869112     
  0.39053571532992210     
  0.39351364174463838     
  0.38907522049116794     
  0.40168268732599577     
  0.39686412340322880     
  0.40836696837051512     
  0.40076538768977821     
  0.39353477519049690     
  0.39461691090387113     
  0.40154261897428689     
  0.40187759777370885     
  0.39996335877718869     
  0.39196751713183614     
  0.39218957582445624     
  0.38902469312406351     
  0.38880008491135681     
  0.39079179316830986     
  0.38792404942074166     
  0.38775868413547093     
  0.38849208914840311     
  0.38391093391373493     
  0.38847257929374507     
  0.38880672855133563     
  0.38918610214948868     
  0.38998805751688331     
  0.39044674904152310     
  0.39188556321020224     
  0.39458184138286173     
  0.39420773999369724     
  0.39070026948830738     
  0.39060043438284198     
  0.39978223591316597     
  0.40351402347428378     
  0.40004227465381736     
  0.39256907383805822     
  0.39040143721619225     
  0.39105618922479435     
  0.39059314260920525     
  0.39002855991679863     
  0.38888116607728390     
  0.39067292783931024     
  0.39215573539719267     
  0.39311411557023684     
  0.39058241328332366     
  0.39472459588850611     
  0.39306487241435362     
  0.39356159338322177     
  0.39119502509950588     
  0.38748765637380922     
  0.38553368845424818     
  0.38892698664213804     
  0.39075705281781176     
  0.39018898351974374     
  0.39417030891235505     
  0.39463737608538324     
  0.39195483298864675     
  0.38540396607118432     
  0.38696923446584691     
  0.38731772162946021     
  0.39463960485192834     
  0.39865202726509585     
  0.39247093353574658     
  0.39114752910929973     
  0.38785020729371600     
  0.39391230683744405     
  0.39404898528834048     
  0.39432172999328124     
  0.39199584955236050     
  0.39440343120689109     
  0.39165377762210485     
  0.40946338157017892     
  0.40408930860335573     
  0.39874060680496187     
  0.40177561797888500     
  0.40076837015452804     
  0.40316614801925399     
  0.39748272665118700     
  0.39606095767161870     
  0.39242435423141542     
  0.39406031684376147     
  0.39009451699454134     
  0.39444352961064089     
  0.39739152264734190     
  0.39941022053683595     
  0.39406201947520558     
  0.40377924434944079     
  0.40132874726614853     
  0.39556123263610715     
  0.38919917664632919     
  0.38744177295125359     
  0.38891442130046938     
  0.39118513658009080     
  0.39360711609106558     
  0.38795077818804252     
  0.39030792539950016     
  0.39589455090389580     
  0.39533203770516329     
  0.39434483222686495     
  0.39799041248712164     
  0.40057210588647435     
  0.40247464130716282     
  0.39748535709942773     
  0.40195706461520664     
  0.39716639424256700     
  0.39701635579585692     
  0.39172711830897583     
  0.39381961840690921     
  0.39501382835672394     
  0.40001608958908941     
  0.39891351498334776     
  0.40240312681122070     
  0.39792157759319380     
  0.39814397372606158     
  0.39625970415682887     
  0.39242668832908706     
  0.39548193100519624     
  0.39678293653943142     
  0.39378504913512485     
  0.39519930922522506     
  0.40028220968422734     
  0.39478967021353989     
  0.39612274410180043     
  0.39444389443815614     
  0.39446911713114780     
  0.39925931405716342     
  0.39737855589480597     
  0.39626784727018477     
   2.6583042083800126     
   1.7678109319340884     
   1.2113273921716019     
  0.89429605973105775     
  0.69375743029293158     
  0.58011318826823677     
  0.50251238590535829     
  0.45344005833004936     
  0.42426434858543272     
  0.41386121858664437     
  0.40588387503430018     
  0.40238062872834995     
  0.39925303134327328     
  0.39371027509085194     
  0.39270780233975339     
  0.39036379608891175     
  0.38761178784467520     
  0.39500966879233429     
  0.39570780276082018     
  0.39517667203511669     
  0.39344750386212757     
  0.39747988289407671     
  0.39608166317180760     
  0.39424315413967315     
  0.39412750964916859     
  0.39093770357384694     
  0.39091755849698601     
  0.38959782023315442     
  0.39309858476290904     
  0.39415018875601054     
  0.39048483412561497     
  0.39978859574774861     
  0.40000277988654320     
  0.39931426141365045     
  0.39346656405742941     
  0.38850608002666986     
  0.39354832479265078     
  0.39141538166278800     
  0.39521585652055080     
  0.39634610318166608     
  0.39379551632857551     
  0.39429088238849425     
  0.39934292953667694     
  0.39727290410396049     
  0.39625220550156165     
  0.39693716878294488     
  0.39658357149646972     
  0.39395243800182411     
  0.39438910601545069     
  0.39456013619025226     
  0.39478396756979878     
  0.56629268243867392     
  0.49402837194085514     
  0.44948220372295467     
  0.42998355034273950     
  0.40903052707344917     
  0.40451973167223804     
  0.40259955657325869     
  0.40093873286464493     
  0.39729804635577481     
  0.39140669788410720     
  0.38803139354796173     
  0.38941850607545897     
  0.39485998021903657     
  0.39721726441083555     
  0.41854297748671487     
  0.40714581995178484     
  0.39583360766097181     
  0.39264321815579045     
  0.39462103915129426     
  0.39611902763125101     
  0.39868537201739024     
  0.39352854725234643     
  0.38681307201766890     
  0.38798871103222465     
  0.38966721610950317     
  0.38826272041754778     
  0.39215316056462390     
  0.39628978529271125     
  0.39382585123404945     
  0.39560462842746708     
  0.39394837272567662     
  0.39240635793853229     
  0.39234377218993205     
   5.0591738592503059     
   3.2240016772260827     
   2.1255854783964341     
   1.4466701656767011     
   1.0124035791850581     
  0.78945476544599291     
  0.64317727269553004     
  0.54329123321546258     
  0.47946537991396782     
  0.44029322008663080     
  0.41902520825418405     
  0.40911278798766398     
  0.40318803851943635     
  0.39864838024167454     
  0.39832060386242368     
  0.39808161832253797     
  0.39539290219968726     
  0.38919974961904830     
  0.39374776992132454     
  0.39513731952674147     
  0.39414545494577802     
  0.39246655603212482     
  0.39211140099500874     
  0.39026848882621579     
  0.38818592910307914     
  0.38781965371558708     
  0.39051579480849147     
  0.38776737972113379     
  0.39086007336832423     
  0.39526821964315689     
  0.39393964119033287     
  0.39664593567555306     
  0.39313220493038747     
  0.39234816903683978     
  0.39080359526522712     
  0.38815406485592296     
  0.38907673287982031     
  0.39011886003565627     
  0.39294696587104255     
  0.39472870976389701     
  0.39349560865181865     
  0.38944357782347672     
  0.38820459451143591     
  0.39138650497222743     
  0.39838469839014451     
  0.39842596436988842     
  0.39554663141600410     
  0.39235786204046458     
  0.38959307454300623     
  0.38875965284639852     
  0.38982208316235423     
  0.39598848891405503     
  0.39281391773375668     
  0.39269246643736400     
  0.39283833347553637     
  0.38947638096951076     
  0.39023063446777578     
  0.40156293870844900     
  0.39826199206542673     
  0.39861793538273604     
  0.39207786414034856     
  0.38775943437297627     
  0.39097735401186412     
  0.39101689372685677     
  0.39069829121992272     
  0.39057428689116547     
  0.38866413104195519     
  0.39113718968144495     
  0.39200556255988284     
  0.39137218019843067     
  0.39281095486195894     
  0.42399987959714869     
  0.41039178051644565     
  0.40206253189391233     
  0.39918748353285233     
  0.39265577364661586     
  0.39239105373266464     
  0.39581797905224286     
  0.39397057947560687     
  0.39144361834406943     
  0.39266767736916386     
  0.39351886540631520     
  0.39163993585884610     
  0.39093369633021574     
  0.39087401670206545     
  0.39082079027263056     
  0.38994580658665656     
  0.38955760084097057     
  0.38907222780292999     
  0.39236526792940041     
  0.38884279371689162     
  0.38598474763071439     
  0.38845474306177652     
  0.38905236089217460     
  0.39256337182258305     
  0.39444919043744242     
  0.38850152362169299     
  0.38968889874866947     
  0.39189834343802971     
  0.39177214409501387     
  0.39407771644433864     
  0.39341685061708276     
  0.39228918757737397     
  0.39040227852295828     
  0.39346357768420603     
  0.39417917110627565     
  0.39507383814230423     
  0.39533787806729864     
  0.39402687873867753     
  0.39565094920922889     
  0.40199592789193955     
  0.40123150142846842     
  0.39931817755602994     
  0.39630813823780386     
  0.39400184929620929     
  0.39242496264732579     
  0.39083646239949088     
  0.39291023352125570     
  0.39069571206135317     
  0.39217023079261837     
  0.40030410872450739     
  0.39584880486530877     
  0.39537619855299566     
  0.39915509786169223     
  0.39861230853113860     
  0.40006954655594745     
  0.39495476398064960     
  0.39611200657425244     
  0.39472163758408607     
  0.39342640880020374     
  0.39127327129045708     
  0.39156604428242836     
  0.38970237224374749     
  0.38899330486067285     
  0.39362488290454811     
  0.39265456656881215     
  0.40021035729769588     
  0.39683866151369812     
  0.44780442986003627     
  0.42134053716345854     
  0.41581665424838560     
  0.40620955004484272     
  0.40601529492230332     
  0.40282488453603493     
  0.39673659511909654     
  0.39081359269751631     
  0.39340921343736673     
  0.39596369530706610     
  0.39011880051868447     
  0.38712033001030738     
  0.39149555274502212     
  0.38896942455988887     
  0.38560978989023631     
  0.38634479878896039     
  0.38846103449631764     
  0.39019733143679664     
  0.39818051639014379     
  0.39802855565770301     
  0.39591783558059890     
  0.39254979361059433     
  0.39364794330354286     
  0.39368980350763200     
  0.39253970952464345     
  0.38925951989206481     
  0.38874246907841375     
  0.39103234254318886     
  0.39217638110973108     
  0.39300455071233287     
  0.39248745054149414     
  0.39483141688285150     
  0.46447450957592396     
  0.43516288818319654     
  0.41413084906910180     
  0.40307864581648156     
  0.40076002951348394     
  0.39796644005612891     
  0.39305570901982462     
  0.39181248080432807     
  0.39478946249994251     
  0.38999500965352085     
  0.39129233375181377     
  0.39178079213750150     
  0.39157110084542118     
  0.39107819541468491     
  0.38993781830950680     
  0.39396199000272136     
  0.39466176713529111     
  0.39106789487561122     
  0.38932881392934710     
  0.40544585460027066     
  0.39807186217914359     
  0.39776715429628717     
  0.39766130112814352     
  0.39066708666738315     
  0.39025615396207480     
  0.39053818854924932     
  0.39042016539795649     
  0.39285545779447983     
  0.39213242645805058     
  0.39510055650551174     
  0.39261608343746573     
  0.39202518614885262     
  0.39897323179126770     
  0.39596495589554231     
  0.39745344946402944     
  0.39726406863927444     
  0.39477815142296685     
  0.39364489323983265     
  0.39018720651669642     
  0.38939933615009165     
  0.38995352716287690     
  0.38892866854534924     
  0.38950333433839512     
  0.39221018776834227     
  0.38981416416063197     
  0.39159746099475107     
  0.41195200259972942     
  0.40637441044520167     
  0.40050805960565072     
  0.40058341479354148     
  0.39673205578589693     
  0.39495105874489539     
  0.40409221014569091     
  0.40161549559074977     
  0.39556066832386572     
  0.39315403302577218     
  0.40250207460412107     
  0.39583012201641682     
  0.39282615693311485     
  0.39947219100350728     
  0.39574624869704350     
  0.39991524165406067     
  0.39474560085440868     
  0.38779463608190889     
  0.50578293908261929     
  0.45920604174214508     
  0.42920428678258593     
  0.41499759914357531     
  0.40433920062229395     
  0.39767127515739309     
  0.39782744043929003     
  0.39852372010166098     
  0.39551712921758492     
  0.39654124211357739     
  0.39021818241691136     
  0.38704261191591127     
  0.38830785347748964     
  0.38835470352361129     
  0.38664989647193904     
  0.39048299393471558     
  0.39340758212939753     
  0.39552959213254085     
  0.39292959961790125     
  0.39460490736753862     
  0.39408203746033627     
  0.39435865743682447     
  0.39045543680558525     
  0.38918517466153474     
  0.41209655735783413     
  0.40066890770453178     
  0.40899768286097382     
  0.40304251364467819     
  0.39774109408112662     
  0.39505862354717164     
  0.39375166363402458     
  0.39271093049372063     
  0.39193794591217618     
  0.39042617300156474     
  0.38941435041357841     
  0.39351470660375926     
  0.39303512866491980     
  0.38732192088612261     
  0.38459034769819506     
  0.38814857345615555     
  0.38723255153219993     
  0.38471614490266748     
  0.38893643997023758     
  0.39119404650185485     
  0.39010365169491129     
  0.39187201587073184     
  0.39387631759945946     
  0.39546554083636259     
  0.39710429544659975     
  0.39790414669027463     
  0.39663206477757784     
  0.39275048172265636     
  0.39442144494335935     
  0.39290778078413019     
  0.39402511965423359     
  0.39694720970730224     
  0.39502137372397572     
  0.39079080891456108     
  0.39036484225321588     
  0.39194982526552763     
  0.39127260718967216     
  0.39539245899140668     
  0.39306011223850335     
  0.39225919461197128     
  0.39367350571135384     
  0.39182130962460571     
  0.39166874058261475     
  0.39296600043454133     
  0.39211873895634886     
  0.39146247129993073     
  0.39204516239425019     
  0.39339575376171587     
  0.39374763876184865     
  0.39478695088441995     
  0.39129341489913755     
  0.39273830945386146     
  0.40242509497327061     
  0.39526500449035562     
  0.39575965673617219     
  0.39485821828674422     
  0.39054862862550765     
  0.39214458197566804     
  0.41057518058516429     
  0.40348633921453969     
  0.39828095661616636     
  0.39318908486728832     
  0.39199492286904980     
  0.39720923526492974     
  0.39106305223803084     
  0.38818727390443919     
  0.39011996569813306     
  0.38889183503891611     
  0.38954119942214105     
  0.39348265800418836     
  0.39385938852291302     
  0.39556043477129754     
  0.39188396363044897     
  0.39168267860931266     
  0.39625954549658943     
  0.39276257056096980     
  0.39072973309527981     
  0.38831687484409755     
  0.39083512811369048     
  0.39167435449650517     
  0.38987300440362493     
  0.39447454536052190     
  0.39093426560884892     
  0.39034544773149643     
  0.39113394713310773     
  0.38921386886746956     
  0.39083350679764961     
  0.38661601733436318     
  0.38411937338128688     
  0.39255866061901634     
  0.39195056170798459     
  0.39151544796901017     
  0.39438673597477747     
  0.39626066865093490     
  0.39229721248280208     
  0.39739080573167662     
  0.39677267019803653     
  0.39247335538921463     
  0.39275032872838378     
  0.39012881436591695     
  0.39619823858835335     
  0.39584357831765360     
  0.40089368857097718     
  0.39441319398939412     
  0.39440161449012018     
  0.38953148621928030     
  0.39095828672044319     
  0.39606970824172594     
  0.39687938842972331     
  0.39765233906480851     
  0.39750548805384051     
  0.39340671714290260     
  0.39390035074379542     
  0.40185244737049913     
  0.40047983835870349     
  0.39865419942282165     
  0.39601307345002534     
  0.39518538825378152     
  0.38999844254155841     
  0.39017504153415644     
  0.38963785212828694     
  0.38820551854975882     
  0.39134341010826190     
  0.38887186847046651     
  0.38927521917015040     
  0.39239864213953668     
  0.39319307114096735     
  0.38977034174284114     
  0.38955629441335632     
  0.38938833957917252     
  0.41047466445125980     
  0.40279684077044997     
  0.40096581900734490     
  0.40307143380477195     
  0.39848382336220622     
  0.39274363781887855     
  0.39136951388587532     
  0.38851026794994842     
  0.39099906232389969     
  0.39108366958652746     
  0.39333252719177558     
  0.38977168601981937     
  0.43535809246893775     
  0.41622129370890099     
  0.40706636872156532     
  0.52368484570696683     
  0.47109528604098183     
  0.43997300339856288     
  0.41338449501571217     
  0.40166417478033162     
  0.39809687871855182     
  0.39685814286639970     
  0.39684674640608608     
  0.39642089297045613     
  0.39311583380676379     
  0.39044785525523190     
  0.39133500565183416     
  0.38973832954137910     
  0.38894223728525196     
  0.39353201412660616     
  0.39317288059786248     
  0.39599003969115598     
  0.39226597240297162     
  0.39448852890833774     
  0.39269015395291546     
  0.39213448888557495     
  0.50079492166469275     
  0.45877539426088293     
  0.43148905466220860     
  0.41341185899069516     
  0.40347147905233416     
  0.39862148710747969     
  0.40063633230483192     
  0.39568703901615510     
  0.39648065988154313     
  0.39945269258596433     
  0.39441194484333486     
  0.39438031772831295     
  0.39289860072942501     
  0.39406952719173660     
  0.39303000319650006     
  0.39736416151551651     
  0.39351923670550304     
  0.39044308547787177     
  0.39453716595845167     
  0.39235174144895368     
  0.39005554569203033     
  0.38788899623139450     
  0.39211227089473688     
  0.39437779012748458     
  0.39321735470762514     
  0.39032669414320487     
  0.39048214709901219     
  0.39074035456565448     
  0.38905158026411973     
  0.39227505688159803     
  0.39460830904310618     
  0.39287392161546125     
  0.39127746197901997     
  0.39077386885539622     
  0.38903144975518023     
  0.38918082253713282     
  0.39143937941702101     
  0.39201779204337478     
  0.39337629048718653     
  0.39272208640165585     
  0.39328173819289214     
  0.39410989891747555     
  0.38904993706917146     
  0.39108265692033917     
  0.39246579135655812     
  0.38991467329859225     
  0.38950072787323015     
  0.39117068318458625     
  0.39187211934731708     
  0.39086474301029417     
  0.39179015690650815     
  0.39034304677348203     
  0.38805586399103570     
  0.38662122908876578     
  0.38793031218919410     
  0.38940688330101608     
  0.39004894429211179     
  0.39428306222611631     
  0.39340082444778618     
  0.39270529355594447     
  0.38872839394109832     
  0.39299286538018380     
  0.39486053786219777     
  0.39381249992655204     
  0.40150355005074528     
  0.39695851857501724     
  0.39805858251360454     
  0.39997429231851983     
  0.39535726122750248     
  0.39113922380422173     
  0.39134175866995541     
  0.39838895287764858     
  0.39532490663337300     
  0.39410037686448718     
  0.39684133613416550     
  0.39490140207309871     
  0.39338317323177840     
  0.39311410650433420     
  0.39079235172818089     
  0.39328758371940131     
  0.38962622903148980     
  0.39436873173612291     
  0.38873705632900274     
  0.38924018580537767     
  0.39516450796636610     
  0.39063735112785403     
  0.40311670129555388     
  0.39612491981411518     
  0.38968812131592095     
  0.39172476579055265     
  0.46249141552384115     
  0.43346814558713670     
  0.42278070888916736     
  0.40573873293723006     
  0.40110652737395958     
  0.39624954638536031     
  0.39278779675114778     
  0.39149911139278876     
  0.39003513498705944     
  0.58747781175449543     
  0.50199111265537677     
  0.45930679906514554     
  0.42768460793720714     
  0.41492439619791305     
  0.40559207632197342     
  0.40101231749266508     
  0.39602992313163887     
  0.39383284072488584     
  0.46807813166531437     
  0.43413854785665351     
  0.41213979212629576     
  0.40596182531081576     
  0.39654655032095393     
  0.39500353677239064     
  0.44053691246577009     
  0.41490615552480981     
  0.40275857323514253     
  0.40250692444380987     
  0.39637681682728343     
  0.39430766047445365     
  0.39767508495598408     
  0.39578095599683616     
  0.39220878840720808     
  0.39322053220522674     
  0.39437997460922358     
  0.40125005069459135     
  0.40251113375769881     
  0.39800211427929150     
  0.39268327743055909     
  0.39990954686534586     
  0.39506796849319825     
  0.39595615398890938     
  0.39328451501429945     
  0.39264223686947070     
  0.40083165106883967     
  0.42589181473808252     
  0.40888147223658150     
  0.40347400075227957     
  0.39682711748985228     
  0.39687853381235177     
  0.39398934271903302     
  0.39541834343417953     
  0.39489560732950407     
  0.39146216219842050     
  0.39460071841225486     
  0.39881680606303399     
  0.39556086999941548     
  0.39169919827971067     
  0.39255766943201570     
  0.41419205425962846     
  0.68079497761786167     
  0.56060115718428338     
  0.49534613302386710     
  0.45407564508728454     
  0.42931815119821187     
  0.41454045735178957     
  0.40508233907478397     
  0.39589966484156419     
  0.39462900386249511     
  0.39066817085245498     
  0.39272238507447782     
   4.8600604905156679     
   3.1494866028222765     
   2.0603726058285106     
   1.3783242283043804     
  0.99448877094389698     
  0.75023367263452367     
  0.60739171082867882     
  0.52177626759234230     
  0.46421402721568278     
  0.42821248629903069     
  0.41389065177805884     
  0.40191178893089829     
  0.39687853125643308     
  0.39173444520158751     
  0.39331223345213501     
  0.39366328468552270     
  0.39267046575846626     
  0.40093050121480894     
  0.39681492464035761     
  0.39333564517932984     
  0.39558096362331435     
  0.39257483491098016     
  0.39664640570654386     
  0.39443646850058889     
  0.39188303968981869     
  0.39125174378897826     
  0.38920620053823379     
  0.38952355422415641     
  0.39509213004020416     
  0.39290754620309654     
  0.39195593792489242     
  0.39292078443548334     
  0.39084665185739609     
  0.39314470685208563     
  0.39527195911553770     
  0.39653679673234543     
  0.39575087065229653     
  0.39139341681121359     
  0.40172586228068857     
  0.39967817695054886     
  0.40049751863919708     
  0.39578865851345213     
  0.39113121968236952     
  0.39137917456864746     
  0.39316433006883400     
  0.39632698556133794     
  0.39679832161987533     
  0.39470022000840127     
  0.39935631311532771     
  0.39428969076028680     
  0.39148472350071722     
  0.39235349196822811     
  0.39455731540752376     
  0.39636892390449480     
  0.39433694064637437     
  0.39162599356616440     
  0.39489825371803922     
  0.38968668883982216     
  0.39296386769049646     
  0.38809655391516268     
  0.39117742559946600     
  0.39361453693792997     
  0.39357568754992728     
  0.39296154823665630     
  0.39036474709493968     
  0.39377717753515673     
  0.39581066711544033     
  0.39157680382279336     
  0.39313550778228928     
  0.39373926294478828     
  0.39628219404074322     
  0.39255805177864084     
  0.39242204134308767     
  0.39329337845600248     
  0.39382246560050665     
  0.39481680143388459     
  0.46056591434529232     
  0.43235681204099419     
  0.41688917083786819     
  0.40674840461520240     
  0.39746451718888792     
  0.39044642019112658     
  0.39405223613322532     
  0.39602787166741804     
  0.39339272812655340     
  0.39365128201659472     
  0.39295556005857452     
  0.39221013932087684     
  0.39145393927590744     
  0.38719662762818952     
  0.38691224945329983     
  0.38811633507234911     
  0.38895330089600855     
  0.40295704188854492     
  0.39841467298923566     
  0.40624835990754543     
  0.40337127384242699     
  0.39410249601488545     
  0.39213460635162384     
  0.38949824890283219     
  0.39162092293106399     
  0.38960162694158568     
  0.38841992102423645     
  0.39268079575092474     
  0.39014469893178544     
  0.39208920132475167     
  0.39154769748945428     
  0.39077959435037657     
  0.39003913417362673     
  0.39454960639391634     
  0.39201334406855104     
  0.39149505137540075     
  0.38985154384912607     
  0.38807652325861453     
  0.39360779804040741     
  0.39085164215876023     
  0.39206186367040402     
  0.39121166374911986     
  0.39394898166806969     
  0.39177875461771483     
  0.39633060428353256     
  0.39707113614876582     
  0.39472386432099282     
  0.39771419165251104     
  0.39425026657823942     
  0.39375309906694406     
  0.39190713595204391     
  0.38987645347620886     
  0.39558142912095312     
  0.39669064332104725     
  0.40592749385731897     
  0.39602158057258946     
  0.39479316729390573     
  0.39740223968953697     
  0.39285186002807698     
  0.39231034822318284     
  0.38740712063749710     
  0.39334432522523571     
  0.39204460653133438     
  0.38932666980873110     
  0.38888888304657110     
  0.39521495138869561     
  0.39292925351686725     
  0.39313577759138030     
  0.39426533960439791     
  0.39240169426597299     
  0.39285578688888523     
  0.39196888400666369     
  0.39015216501271333     
  0.38816152945552646     
  0.38859555882176527     
  0.39235355744553840     
  0.39297040736236144     
  0.39221047651136076     
  0.39245288440457993     
  0.39147055996704283     
  0.38835655910010203     
  0.38789942486816742     
  0.38542151106478217     
  0.39076677268708226     
  0.38839323660510694     
  0.43170595682815344     
  0.41426210349519077     
  0.40778305221290595     
  0.39829418745378098     
  0.39091427321738692     
  0.39344739709888082     
  0.39391183392465451     
  0.39190429295982204     
  0.38846913209020989     
  0.39534327764956173     
  0.39184765325341236     
  0.39230217181362087     
  0.39031810294506647     
  0.39504701299756867     
  0.39290466875807029     
  0.39368873621960787     
  0.39428311743431588     
  0.39077989376232003     
  0.39219430685547307     
  0.39062339718842054     
  0.39235491255643462     
  0.39435194045639976     
  0.41741261033290250     
  0.39999022938798862     
  0.39457238099786046     
  0.40004519399998612     
  0.39771546044865469     
  0.39826026463663078     
  0.39759436913107343     
  0.39532560182081034     
  0.40057297846676737     
  0.39509669812926002     
  0.39350078194581911     
  0.39482140611442401     
  0.39780375025589976     
  0.39427335882670733     
  0.40454555453228602     
  0.40018510126207746     
  0.40215641641311622     
  0.40023914804000144     
  0.39820236676202397     
  0.39311281469383730     
  0.39322521873242017     
  0.38755932662140274     
  0.39226624835858609     
  0.39233437461229825     
  0.38953732741307212     
  0.39059468804238667     
  0.39065510411254051     
  0.39237172829993172     
  0.38993858505959439     
  0.38960430013965136     
  0.38895452136854192     
  0.39133483398845148     
  0.39610562019835505     
  0.38922441298822380     
  0.39206805086223295     
  0.39286973466537189     
  0.39187154235499561     
  0.53712742427394300     
  0.47418484397581762     
  0.43244797363280374     
  0.41607765891426823     
  0.40476474181474914     
  0.39418085390045865     
  0.38890201224146942     
  0.39141442527219317     
  0.39011919362833752     
  0.38724499642537602     
  0.38795164325675713     
  0.39390399074433924     
  0.39501697743852071     
  0.39569816155870230     
  0.39595589898117112     
  0.39475491410442520     
  0.39573645405474656     
  0.39351631567150891     
  0.39585795919540417     
  0.39311576135569504     
  0.39183258907891505     
  0.39433975964294654     
  0.39509261565331910     
  0.39357132005309153     
  0.39109402266692078     
  0.39656683241093149     
  0.39425465453583652     
  0.39206420032131684     
  0.39544417142493626     
  0.39583361732124017     
  0.39387547000787620     
  0.39279562151763531     
  0.39313209545021083     
  0.39456877587596795     
  0.39672220697134547     
  0.39266941992318849     
  0.39048848713855705     
  0.38679610118243879     
  0.39987471938190566     
  0.39839296961489978     
  0.39655660782676000     
  0.39392877366813323     
  0.39610993046988674     
  0.39557570570292411     
  0.39504369296511366     
  0.39484764198553085     
  0.39060076451461634     
  0.38942221796564014     
  0.39073437000720562     
  0.39269612953425914     
  0.38941390666063114     
  0.39356462319642360     
  0.38685287548185693     
  0.38896098844736665     
  0.38749296958158680     
  0.39078398876192394     
  0.41841405280505023     
  0.40754210700048144     
  0.40096537466199395     
  0.40118500910990340     
  0.39994385093805462     
  0.39550475378968369     
  0.39169827442351285     
  0.39089266089117830     
  0.38843474364710223     
  0.39122843940285779     
  0.39062352867263805     
  0.38868937878209037     
  0.39532635048361420     
  0.39306123242064034     
  0.39192675886689338     
  0.39120238678070435     
  0.39119717346884697     
  0.38874078022683101     
  0.39339998477588517     
  0.39223089296375202     
  0.39085136868613080     
  0.39942499473912979     
  0.41546472225093239     
  0.40777725239096690     
  0.39688835688188989     
  0.39567139229310072     
  0.39125704071149975     
  0.39759743673964104     
  0.39560087151994622     
  0.39698168668941003     
  0.39601630921463005     
  0.39675502913175725     
  0.39735415588361084     
  0.39394314281849596     
  0.39596295539691234     
  0.39286727385398995     
  0.39263932370564653     
  0.39635606093193987     
  0.39342958342640394     
  0.39902313094972824     
  0.39569084451417913     
  0.39399424016370960     
  0.39214510297911143     
  0.38997901106612998     
  0.39209183637404577     
  0.39165382255810860     
  0.39178643708032979     
  0.39687710374859742     
  0.39661491287002937     
  0.39827648016601058     
  0.39154051444588911     
  0.39105438551626720     
  0.38622240942727631     
  0.38574918380670836     
  0.38523559521289075     
  0.38338926765525300     
  0.38468640326193637     
  0.38645710666028044     
  0.38985929475422582     
  0.38745618335579046     
  0.39016783503009461     
  0.38976276443284474     
  0.39215294601639250     
  0.38934537642733347     
  0.38980834899061578     
  0.38897787083790808     
  0.38352718908098987     
  0.38755358594133560     
  0.38923459596975574     
  0.39199007309314920     
  0.69154431196703225     
  0.57334408814156324     
  0.49719736222129640     
  0.45117594316549714     
  0.42668109091003303     
  0.40696001265942544     
  0.39757253862517156     
  0.39816692092464329     
  0.40998045380327369     
  0.40057293903935892     
  0.39888672245878348     
  0.39689715305062712     
  0.39713283449984749     
  0.39379407420980855     
  0.39275528433249413     
  0.39002723518182086     
  0.39038428672591352     
  0.39207435703272664     
  0.39279183401551593     
  0.39443558181664173     
  0.39130595697620846     
  0.39268340938007001     
  0.42876937024315409     
  0.41223875816719241     
  0.40107127305712575     
  0.39772598746598548     
  0.39541216408418206     
  0.38915304622056573     
  0.38815658526243646     
  0.39285187918563153     
  0.39052122466668593     
  0.39048027304910726     
  0.39650790456688351     
  0.39982116062525969     
  0.39362714225775186     
  0.38692705377027786     
  0.38924999773525770     
  0.39560922443265167     
  0.39824251226107743     
  0.39418904886587597     
  0.39358559178392299     
  0.38867120939271016     
  0.38756148684262259     
  0.38986613934709363     
  0.39123354040898839     
  0.38577534228973070     
  0.38696205740865508     
  0.38890004089015667     
  0.38758561321513846     
  0.39167885914519546     
  0.38872026379311359     
  0.38677766758527660     
  0.38405688080394140     
  0.38556196217447519     
  0.38478427789320846     
  0.39091953529843587     
  0.39212323880827143     
  0.39047950906338158     
  0.39373863368182449     
  0.38949751150156209     
  0.38798232051326315     
  0.38957143902858171     
  0.38949191377659959     
  0.38818466460481860     
  0.38760717799816519     
  0.38954500063217518     
  0.38966500700898493     
  0.38664193560508081     
  0.38951930864895923     
  0.38993116567391067     
  0.39668638861384864     
  0.39525899901579575     
  0.39335140056859358     
  0.39112274659045332     
  0.39262164431836810     
  0.39235963301632709     
  0.39325829116898348     
  0.38971389416609370     
  0.39017586336357707     
  0.38888076363127050     
  0.38855113575079225     
  0.39760790356899700     
  0.39446213893872906     
  0.39304973357362366     
  0.39260434642756942     
  0.38705568011849251     
  0.38770669130008739     
  0.39311591651323691     
  0.39481683731364270     
  0.39225030007698464     
  0.39898250666798057     
  0.39341103636927793     
  0.39093614055815812     
  0.39282505761764530     
  0.38920260899610604     
  0.38892240265171396     
  0.39123394468379485     
  0.39197294907499119     
  0.38736450273339218     
  0.39601114276874677     
  0.39069055165078004     
  0.54291913835387173     
  0.48017572395294811     
  0.43702203798752209     
  0.41862138539225008     
  0.42013699731532816     
  0.40794799072977661     
  0.39933882918208946     
  0.39627817990307324     
  0.39503312570913429     
  0.39455883549652193     
  0.39169848255729045     
  0.39910133689395744     
  0.39731296150414175     
  0.39602421629765033     
  0.39528412902835330     
  0.39525260325897754     
  0.39238172303435592     
  0.39136442319698239     
  0.39298216462550528     
  0.39271441383004135     
  0.39188189178100197     
  0.39126510281202215     
  0.39160787555081283     
  0.39455459616439531     
  0.39653350296774603     
  0.39645094651589835     
  0.39608243463753889     
  0.39471736300617905     
  0.39341335475054767     
  0.39407674781623703     
  0.84728943548679192     
  0.67087400389855878     
  0.55587113435164237     
  0.48926727697634903     
  0.45150352832219071     
  0.42828143341887609     
  0.41694481975890513     
  0.40177735524968811     
  0.39853126998492316     
  0.39759657999422920     
  0.39204493172280819     
  0.38992505277058237     
  0.39052091977421582     
  0.39120768273469175     
  0.38868002910969518     
  0.38951093152675204     
  0.38925549356838551     
  0.38758970206088572     
  0.39258174339883495     
  0.38675249450771537     
  0.38940931087198327     
  0.38832204928275660     
  0.38981289349950926     
  0.39132555758307785     
  0.39127411673340506     
  0.39036343677744761     
  0.38955423489830765     
  0.39078136924660511     
  0.39044992010825519     
  0.39518307394811847     
  0.39452420625663875     
  0.38880687297969913     
  0.38562511019360912     
  0.39286768359844637     
  0.38718108831733145     
  0.38717544189439324     
  0.38789455878726797     
  0.39021691927978280     
  0.40384375948493295     
  0.39713568373666858     
  0.39852709164871408     
  0.40003676762744944     
  0.40048886773755965     
  0.40218569557693651     
  0.39462888750719943     
  0.39284880693042162     
  0.39841033863939296     
  0.39451575138732592     
  0.39909653453269955     
  0.40195660518179677     
  0.39519874310868991     
  0.39467522151932932     
  0.38931994225353378     
  0.39162677822095882     
  0.39038617251430124     
  0.39074305687304856     
  0.39103715624902585     
  0.39255168898641662     
  0.39443006957028182     
  0.39210356927603712     
  0.39365824199500810     
  0.39008904582853610     
  0.39161464554637654     
  0.39090415700769215     
  0.38916565533080105     
  0.39125470818642732     
  0.39318374679220047     
  0.39597293262256594     
  0.39595313970835400     
  0.39478059789097258     
  0.39150661760135447     
  0.39026584424139199     
  0.39201996772745995     
  0.40100255304717769     
  0.39609572964454315     
  0.39369681508548054     
  0.39355518987242283     
  0.40954848079351286     
  0.40017065474896191     
  0.40170751828266305     
  0.39898572510570984     
  0.39953003713894725     
  0.39573558045438695     
  0.39937306862511429     
  0.39665200731266137     
  0.52892758197787582     
  0.47001757289814222     
  0.43781989143069616     
  0.42159621143365983     
  0.40778409360991824     
  0.40205503732891240     
  0.40116399900848365     
  0.39885161096979294     
  0.40107112991428440     
  0.40467356096846557     
  0.39505666455695332     
  0.38931667352152999     
  0.39034583558101477     
  0.38831039020677133     
  0.38849606457236679     
  0.39433671030094203     
  0.39571741350580281     
  0.39366150507121056     
  0.39496685739652138     
  0.39922299891104673     
  0.39397254287031425     
  0.39054440144786295     
  0.38891964601962487     
  0.39362258519878518     
  0.39114220078499712     
  0.39021590289068392     
  0.39078226586983933     
  0.38995401995790840     
  0.39344382398679861     
  0.39162155468362853     
  0.39176358199029065     
  0.38809516077876821     
  0.38989026038813035     
  0.38832723104149919     
  0.38439368317182904     
  0.39046024012502800     
  0.38885605244330029     
  0.39021056545114113     
  0.39310091457986607     
  0.39299268794816578     
  0.39153013358665079     
  0.39115223797278553     
  0.38670397258182121     
  0.38346856032918902     
  0.38926521504667505     
  0.39233650518517316     
  0.39082736550160263     
  0.39421740589257470     
  0.39340257060868195     
  0.39075020100792957     
  0.39136630812045048     
  0.38850412516809313     
  0.38758404519093509     
  0.39356893876418397     
  0.39671365646180851     
  0.39387097046900060     
  0.39074351211873531     
  0.39234182066222756     
  0.39780294366115121     
  0.39181095593997406     
  0.39085537933666864     
  0.39355450831150202     
  0.39284250141359117     
  0.39321595809140519     
  0.39931402685378387     
  0.39653024292101485     
  0.39574499321072487     
  0.39483049632699369     
  0.39330323111605103     
  0.39656537246915774     
  0.39696469599123252     
  0.39429863452635222     
  0.39971254000084178     
  0.39524154615550139     
  0.39323256237129750     
  0.39470314132848427     
  0.39554803499172403     
  0.39176574489706878     
  0.39527770653146227     
  0.38988871033086886     
  0.39039020250663226     
  0.38869480937900130     
  0.38874440260165843     
  0.38601061705216155     
  0.38417677045651727     
  0.38745015070239430     
  0.39101292463052961     
  0.39080009609719435     
  0.39332888468222599     
  0.39559270937250218     
  0.39550409107088663     
  0.39022235716617210     
  0.39259276311316410     
  0.39122125432765115     
  0.38849515608788965     
  0.39179918502397476     
  0.39397167402233696     
  0.40106546600740328     
  0.39622464040443311     
  0.39648708647202141     
  0.39516890538692534     
  0.39624548447011959     
  0.39437729562598761     
  0.39156917794118984     
  0.38916908482418533     
  0.39286218198851303     
  0.39150508643820642     
  0.39399897902806524     
  0.39440710530011458     
  0.39191502497397956     
  0.39016140507473501     
  0.39364002111135749     
  0.39460621376190763     
  0.39244736328952617     
  0.38977055426460150     
  0.39363034230406369     
  0.39091890646529026     
  0.38805356858116746     
  0.39140042334047659     
  0.39165262620365160     
  0.39227480092714245     
  0.39289850066518073     
  0.48417782132637882     
  0.44399801008924372     
  0.41955530659872664     
  0.43089795992694307     
  0.41479395280022202     
  0.41361274244472240     
  0.40419090289456344     
  0.39575756059297590     
  0.39650580271427066     
  0.39403431853768717     
  0.39509801493228203     
  0.39396862496363050     
  0.38897552806756769     
  0.39250803945660068     
  0.39267801839050742     
  0.39251477166614740     
  0.39404756628305670     
  0.39552397781488585     
  0.39277875832027476     
  0.39268786288465640     
  0.39235189189209491     
  0.39151465059593737     
  0.39151135198245607     
  0.39174213444208844     
  0.39433382409792606     
  0.39690848953899144     
  0.39405259131781506     
  0.39068004001419909     
  0.39205952086960394     
  0.39064014672910052     
  0.39307883670417171     
  0.38858504000371896     
  0.38851695740197889     
  0.39023054932284895     
  0.39179706640745687     
  0.39737317453695520     
  0.39590536698975448     
  0.39179582905737848     
  0.39356561365905224     
  0.39243504680859281     
  0.39128038597719800     
  0.38750662624159510     
  0.38771834044824938     
  0.38944983599920696     
  0.42944458046636186     
  0.41451209810725687     
  0.40381505684018054     
  0.39964985638198242     
  0.39575800639751096     
  0.39175205897899640     
  0.38992709014733373     
  0.38928160652724952     
  0.39070783590319907     
  0.39104842692509723     
  0.39688793711337506     
  0.39459634303648855     
  0.38924970110689222     
  0.39057677919038036     
  0.39663700448471234     
  0.39285146049168840     
  0.39795514454822944     
  0.39071241434613246     
  0.38920901214867670     
  0.38933825839781699     
  0.39350643804573227     
  0.39557092069313704     
  0.39415090337236086     
  0.39130624183709167     
  0.38764623419937327     
  0.38949584316768798     
  0.39324311200288720     
  0.39004376866589235     
  0.39245225935377803     
  0.39214399068157380     
  0.39003265251850061     
  0.38877958637127541     
  0.39230633908905460     
  0.38965022862219567     
  0.39394248649835845     
  0.39090882199252669     
  0.38827198081141107     
  0.38930333455377913     
  0.38788854955580471     
  0.39471656047034798     
  0.39556689959509905     
  0.39657147297550260     
  0.39271057298849033     
  0.39297920957200871     
  0.38794538421974667     
  0.38678295502288196     
  0.39577608335194819     
  0.39270524991431172     
  0.38997178284698991     
  0.38985274925145935     
  0.38989545898893391     
  0.39736747853319865     
  0.39013554832371772     
  0.38827772347730721     
  0.39638023699708802     
  0.39644809182791574     
  0.41536573923267311     
  0.40446446910455308     
  0.39909749037571762     
  0.39860384849058422     
  0.39598509600207649     
  0.39208321942982016     
  0.39474460750881207     
  0.39305344016854404     
  0.39394856052939403     
  0.39187730332698278     
  0.39186958188170912     
  0.39473826681941510     
  0.39269167838710223     
  0.39269592301221901     
  0.39160024114292474     
  0.38867131417327516     
  0.39313542260707995     
  0.39231366046757721     
  0.39322593696004127     
  0.39408565021987862     
  0.39379980144401522     
  0.39356200928861279     
  0.39442874342078243     
  0.38974472096838592     
  0.39532165799261704     
  0.39352824467901792     
  0.39038488503530927     
  0.39738941700047403     
  0.39617946390307951     
  0.39498463136860673     
  0.39523429120682152     
  0.39343387586608647     
  0.38997606828336673     
  0.38967359837541027     
  0.39378931005988127     
  0.39364732442380412     
  0.39077657323463461     
  0.38571553839882661     
  0.39138974222154482     
  0.38743795600557845     
  0.38878925936310471     
  0.38775873115054843     
  0.38999629245586975     
  0.38927557483848241     
  0.39372145863869895     
  0.39197966674148466     
  0.38789153974502605     
  0.38730210000746418     
  0.39150870708484947     
  0.39510636146908062     
  0.39486341677433984     
  0.39431226186963664     
   93.912238448692193     
   56.981352979621931     
   34.743779241725086     
   21.085950854898723     
   13.195061960761683     
   8.3983869737744641     
   5.3190024902958104     
   3.3689788499667310     
   2.1957985595837681     
   1.4633271149986080     
   1.0457112902831458     
  0.79571629837527846     
  0.64969239874185258     
  0.55052835053503568     
  0.48190862344331209     
  0.43765825436299016     
  0.41899691417725193     
  0.40587766160941591     
  0.40126030895239195     
  0.39947058210013259     
  0.39658108898806510     
  0.39711881338251381     
  0.39067234863054856     
  0.39369140059125457     
  0.39038482055325702     
  0.38882421844133075     
  0.38926657295566619     
  0.38763175557241736     
  0.38824814928493434     
  0.39206339856149852     
  0.39200494124931340     
  0.39161719339223355     
  0.38998820308489002     
  0.38952606357357927     
  0.39461389117482198     
  0.39360704720709278     
  0.39090600669097014     
  0.38871673836054560     
  0.38897427991076716     
  0.38969132703381348     
  0.39345998998758397     
  0.39599185110517787     
  0.39432968766115628     
  0.39340160272773939     
  0.39359274826405011     
  0.39495351880590851     
  0.40012847413156188     
  0.39707144328200256     
  0.39319115038780444     
  0.39135830725665693     
  0.39047130048705042     
  0.39294305997446344     
  0.39314488765292849     
  0.39011144886617771     
  0.38913230914485047     
  0.38716435597762666     
  0.38799493181266215     
  0.38773686246478328     
  0.39175933597372337     
  0.38690988052203495     
  0.38630084514827656     
  0.38952795059593193     
  0.38980881824585401     
  0.38745244355072600     
  0.38751700800641187     
  0.38817655765701914     
  0.38811628504494405     
  0.39300361621831625     
  0.39250857997497168     
  0.38636677285481136     
  0.38779778023743611     
  0.39118545825839979     
  0.39482032601155992     
  0.39268598595551341     
  0.39150027979820662     
  0.38913020454993069     
  0.38884944224752432     
  0.39019377706222230     
  0.38985515270789406     
  0.38798633660498943     
  0.39126562794492903     
  0.39140562014547675     
  0.39445262326359093     
  0.39281285170211111     
  0.39351245159503057     
  0.39441666360183597     
  0.39356374738570810     
  0.39461676717181582     
  0.39352341552099540     
  0.39253377377514992     
  0.39554252910287929     
  0.39262832470493825     
  0.38988704324654960     
  0.39006876807617175     
  0.39508039258875050     
  0.39532341465093057     
  0.39225885345795541     
  0.39525837007488479     
  0.39299703809226405     
  0.39298020433354353     
  0.39754109380865982     
  0.39731457497340494     
  0.39871872606346537     
  0.39964575787710449     
  0.39897306659193427     
  0.39166238417781934     
  0.39243879879476440     
  0.39254096657956117     
  0.39240561927878603     
  0.38950099907169494     
  0.38941336055275161     
  0.38995610179429496     
  0.39367857457071809     
  0.39366329358169905     
  0.39225574108601402     
  0.39984673558134404     
  0.40180671264137735     
  0.39540866444015321     
  0.39307410893676964     
  0.39134418724788445     
  0.39263563312240940     
  0.39415696231743275     
  0.39138750685523360     
  0.39913477767336153     
  0.39514976934140705     
  0.39549923746603144     
  0.39114940467607179     
  0.39060612358894503     
  0.38915810911247556     
  0.39013588732909710     
  0.39605300134420135     
  0.39634612705224420     
  0.39076738688594193     
  0.39071882935558444     
  0.39451758870409598     
  0.39509631444127113     
  0.39490517242385942     
  0.39589620864897790     
  0.39344079561814327     
  0.39571443624699293     
  0.39538565961556971     
  0.39314058682097780     
  0.39851059176676512     
  0.39659029454108208     
  0.39447722708162225     
  0.39239445169564668     
  0.39115054785295789     
  0.38896753046843729     
  0.38992423420372441     
  0.39473870952490825     
  0.39386763771491262     
  0.39424767200863764     
  0.39401532722912824     
  0.39791755567469023     
  0.39460848911667079     
  0.39534753266815514     
  0.39923355317776987     
  0.39601947588379849     
  0.39068509404140866     
  0.39337719614990085     
  0.39339157672461539     
  0.38865182200366855     
  0.39047738609057675     
  0.38855616179005920     
  0.39162842948915050     
  0.38963842678495797     
  0.39023320449357812     
  0.38994643163991777     
  0.56209905051805797     
  0.48923448874091008     
  0.44367244614100415     
  0.42487740647104211     
  0.41055114462609382     
  0.39891803830204003     
  0.39481479691349697     
  0.39473737865730035     
  0.39704646299140067     
  0.39503334715882121     
  0.39381087990378233     
  0.39281277034950129     
  0.38872216400695481     
  0.38981810865662303     
  0.38854080942191871     
  0.38910632766371966     
  0.39042141989729451     
  0.38994334820578991     
  0.38953310289992177     
  0.38746807907595787     
  0.38931823025930412     
  0.38683669931532044     
  0.38971982153868034     
  0.38952890913437294     
  0.38792221970860136     
  0.38721798590854756     
  0.38566926242735677     
  0.38729965384015730     
  0.38792498831122041     
  0.38950402325097022     
  0.39001228400247684     
  0.38912022843122057     
  0.39218981555705712     
  0.38867061493084293     
  0.39433878507967746     
  0.39667750317803391     
  0.39965595221955497     
  0.39655165935999298     
  0.39200473448048745     
  0.39448762088172912     
  0.39231055693507266     
  0.39277945761721705     
  0.39790933825106284     
  0.39856747523543640     
  0.39717340441013149     
  0.39872366033058687     
  0.39573668032239384     
  0.39375723455451334     
  0.39419341270452002     
  0.39420862150341007     
  0.39897894830180181     
  0.54473604666532349     
  0.47191284304826558     
  0.43710983310821072     
  0.41912587822068398     
  0.40932396272189514     
  0.39951553109716181     
  0.39313263279583666     
  0.38772971670799711     
  0.38923215615915480     
  0.39157278592822914     
  0.39016108668593580     
  0.39084413254723005     
  0.39122235588661203     
  0.39093227202261216     
  0.39104633200551686     
  0.39059774417408982     
  0.39179282920936925     
  0.38946760548057718     
  0.39142887217397065     
  0.38955119164804974     
  0.39274642367792850     
  0.39238876158504477     
  0.77297709400401371     
  0.60817247749392178     
  0.59034291547168471     
  0.50500158158863151     
  0.45670772946993848     
  0.42988769708765473     
  0.41097401970244524     
  0.40245083430756007     
  0.39585378805149479     
  0.40405001877472990     
  0.40231513585123274     
  0.39573333141160782     
  0.40386938010735746     
  0.39458077641754630     
  0.39523875934452607     
  0.39286541549183512     
  0.39774186407448342     
  0.39930146650207271     
  0.39380114035425107     
  0.39277407697719668     
  0.39067532463206567     
  0.39276479463510933     
  0.39276794597187709     
  0.39488781869702544     
  0.39630204403824920     
  0.39243708990308773     
  0.39008297439680412     
  0.38552163089743358     
  0.38863945181483656     
  0.38928364269845978     
  0.39048035345130211     
  0.39256754183593323     
  0.38827202649463027     
  0.38896213796729440     
  0.38712839103837771     
  0.38721914489398013     
  0.38644417060056774     
  0.38434765022587419     
  0.39021873761980180     
  0.38730680873735146     
  0.38484269326795312     
  0.38529103936982717     
  0.39111198896794208     
  0.39333538425153164     
  0.38761557787048601     
  0.39372727897459142     
  0.39360350799762578     
  0.39308508757734800     
  0.39211265897754066     
  0.39260013675024319     
  0.39181435799002240     
  0.38735806384415528     
  0.38562320924031618     
  0.53898708009860385     
  0.47793475289815318     
  0.44478287168715341     
  0.41935318172009550     
  0.40340973414557474     
  0.39860430759251675     
  0.39381296046858083     
  0.39012307785111244     
  0.39409304581948523     
  0.39587513320214901     
  0.39614648275562936     
  0.39471082491215020     
  0.38950311296560414     
  0.39342402828611839     
  0.39039657479123824     
  0.39273443111329681     
  0.39333093346412190     
  0.39547962672731013     
  0.39599087125950017     
  0.39609385518938744     
  0.39041718539033382     
  0.38811297671085582     
  0.38963385910865228     
  0.38795322609300131     
  0.38785390667431652     
  0.38734243261814028     
  0.39067685349811315     
  0.39072571026200092     
  0.39659420111313604     
  0.39399712517274771     
  0.39776388601395124     
  0.39487513788222633     
  0.39360731881306327     
  0.39001734376268643     
  0.38875422350811673     
  0.39037606421864013     
  0.39719880103538885     
  0.39537300681047988     
  0.38877799557250270     
  0.38867054738906837     
  0.38794935372640538     
  0.38942183841255129     
  0.39413017947952939     
  0.39688526093887971     
  0.39313042662099495     
  0.39349306517344218     
  0.39164540252090441     
  0.39452496242414453     
  0.39522699050992244     
  0.39400060767405232     
  0.39355858488028389     
  0.38932826761284317     
  0.39079104325987046     
  0.38680134519198406     
  0.38582979659703798     
  0.38880051054191300     
  0.39055403441908959     
  0.39276437918615031     
  0.39175796015409259     
  0.38913857779157374     
  0.39197524550073509     
  0.39316443671145151     
  0.39182620877888247     
  0.39418407055599125     
  0.39370427524959584     
  0.39428364146544509     
  0.39174124675266497     
  0.39371980647829807     
  0.38986448601012491     
  0.39383015219297740     
  0.38961126223659970     
  0.38911900388799625     
  0.38930224558637994     
  0.39135646332546759     
  0.39295682618336431     
  0.39504907487404184     
   1.1637366422893156     
  0.85328273992320036     
  0.66607736461995526     
  0.55057076773223634     
  0.48130159133203310     
  0.44139520216375788     
  0.42263316418286778     
  0.41193217618918782     
  0.40165181501889191     
  0.39757487981455164     
  0.39421835209395906     
  0.39305130911435165     
  0.39501516901516398     
  0.39166756108810113     
  0.39254756149525905     
  0.38894394526525838     
  0.39785941670462782     
  0.39244292467613334     
  0.39394548890543135     
  0.39032312253232559     
  0.38744214557001805     
  0.38751901208381800     
  0.39134737233182820     
  0.39200777405608211     
  0.39478937778815315     
  0.39058968725055726     
  0.38716326363705789     
  0.38538384497802453     
  0.38836404821796450     
  0.38614075464673098     
  0.38756949639376442     
  0.38768124771198242     
  0.38894591664521622     
  0.38841769650912789     
  0.38857589203630510     
  0.39007792186377999     
  0.38904844074112260     
  0.39719042007522942     
  0.39785224790329921     
  0.39229073068253884     
  0.39378341366416203     
  0.39009900839342537     
  0.38795826077998591     
  0.38626765464317075     
  0.38755695376648719     
  0.38964621813899847     
  0.39177366605687863     
  0.39315298822980743     
  0.39439548027571847     
  0.39264719177117036     
  0.39546802312714369     
  0.39184625724586053     
  0.38996467648096539     
  0.39242236457065893     
  0.39751354979219355     
  0.39550422391839596     
  0.39325601602791060     
  0.39284272344901516     
  0.39383769805732527     
  0.39321608397358732     
  0.39003082466244188     
  0.39494860452115921     
  0.39115577677469737     
  0.38884960259854862     
  0.38883514311177769     
  0.39218596311387377     
  0.39103357094264396     
  0.38905002004763495     
  0.39164046711925671     
  0.39086816333762414     
  0.39667902158052087     
  0.39859947622813019     
  0.39890983255686707     
  0.39403624406554050     
  0.39296643179006779     
  0.39408546282603291     
  0.39057873471706317     
  0.39199357952682773     
  0.44692066195756036     
  0.42310566692760454     
  0.41494633891405419     
  0.40179289002501406     
  0.39873744421960461     
  0.39601315686120403     
  0.39170186861024087     
  0.39089445444983667     
  0.38850189846572164     
  0.38897211518304142     
  0.38592141896006582     
  0.38532544831749788     
  0.39672519175482923     
  0.39543642863813366     
  0.39305642744185088     
  0.39563400117647995     
  0.39261478502715191     
  0.39280524745085243     
  0.39150211458813916     
  0.39171283773604210     
  0.39602909711899703     
  0.39790998339846539     
  0.39118460150373841     
  0.38833790734820306     
  0.39230260397693784     
  0.39027920428020069     
  0.39291746304207886     
  0.38836270893853531     
  0.38929742987268939     
  0.39640881468643469     
  0.39518877390111307     
  0.39484761792533796     
  0.40739263112501800     
  0.39822057201794747     
  0.39540401523159646     
  0.42052536428710074     
  0.40450461758293171     
  0.40461886800911595     
  0.39990375408491724     
  0.39930067546208070     
  0.39710837453040360     
  0.39391696138181165     
  0.39191961235617662     
  0.39216656644820985     
  0.39130535835491664     
  0.39012321959842938     
  0.39009805769576128     
  0.39390743324439370     
  0.39604245187703524     
  0.38882269053812313     
  0.39096557583231456     
  0.38585688434103382     
  0.38554352032717598     
  0.38887428005288421     
  0.38957954706876891     
  0.39040441578661939     
  0.39150862902502553     
  0.39585100563403658     
  0.39316828651504254     
  0.39805112247710334     
  0.39607165827642504     
  0.39506169741933078     
  0.39303499009784543     
  0.39514485057027515     
  0.40040444667066560     
  0.39630008097921382     
  0.39728497891335252     
  0.39719566206256524     
  0.39880341951677750     
  0.85871462921471353     
  0.66568532267414593     
  0.55222479112900802     
  0.48325414621973922     
  0.44517319274072537     
  0.42424533435448397     
  0.40988987635311114     
  0.41375902852959912     
  0.40605434553797481     
  0.39882274677955970     
  0.39689378756436405     
  0.38842193723115254     
  0.38885642725796737     
  0.39163294908816526     
  0.39197793562663696     
  0.38931982456549458     
  0.38710221131101641     
  0.38963186900627611     
  0.39426769225790814     
  0.39525834123124359     
  0.39297565303201454     
  0.39081692511779997     
  0.39291500681776087     
  0.38766699268421972     
  0.38750164658995673     
  0.39332222397586036     
  0.39520270480648251     
  0.39051364032038627     
  0.39108049441350523     
  0.38788627403042064     
  0.38905723721799290     
  0.38755695128872814     
  0.38999331064721793     
  0.39046449195322319     
  0.39073231580971501     
  0.38918301668636096     
  0.39176926617193253     
  0.39144196591868086     
  0.39225746728114630     
  0.39042411465569865     
  0.38982303548937514     
  0.39213603896692883     
  0.39470439923750833     
  0.39014453956568601     
  0.39055275307438725     
  0.39047676747412979     
  0.39041102777216713     
  0.39238329402547295     
  0.40044672621791993     
  0.39746748747916572     
  0.39284496686998288     
  0.39353477527746350     
  0.39789619985082580     
  0.39291700874846830     
  0.39607985092549719     
  0.46480713759230746     
  0.43338457973403516     
  0.41028869579966626     
  0.40335523776948506     
  0.39767821964651828     
  0.39601600819189287     
  0.39524006490022878     
  0.39310810896023457     
  0.39680130448025991     
  0.39520555493442350     
  0.40116673533920588     
  0.40074898840238354     
  0.40266636440324510     
  0.40084070439959424     
  0.41090276898517286     
  0.41193122180270741     
  0.40147965261922569     
  0.40203520173008217     
  0.39288040033342375     
  0.39065387851837058     
  0.39144504547837378     
  0.39783673926267854     
  0.39305709378408715     
  0.39576974147627453     
  0.39308316215479899     
  0.39285749972163764     
  0.39380562776697142     
  0.39372555525130798     
  0.38922181116266175     
  0.39790526748890565     
  0.39131368332164401     
  0.39202755501488118     
  0.39147855762262201     
  0.38919556688037998     
  0.39306105769668043     
  0.39763446488921095     
  0.39602986797659456     
  0.39576846992093900     
  0.39183408422467036     
  0.39243804471797461     
  0.39243479178516205     
  0.39589610467896380     
  0.39219882958381919     
  0.39110294360939835     
  0.38561123074091369     
  0.38787857442040391     
  0.38644468847294278     
  0.38886035976176087     
  0.39562833826458793     
  0.39321534964693478     
  0.39360732338989868     
  0.39544988969158096     
  0.39587665076265871     
  0.39148338162420443     
  0.39124887466519354     
  0.39277428162892641     
  0.39756985944259138     
  0.39508105686270317     
  0.39639900402737721     
  0.39497539874778348     
  0.39564284133268451     
  0.39314257632524602     
  0.39231009506821901     
  0.39668527088078276     
  0.39549992978979104     
  0.39981524027749443     
  0.39513441995224197     
  0.39185033984319584     
  0.39025722085390924     
  0.39194328579969628     
  0.39186524099245978     
  0.39295191267587731     
  0.39159870752942361     
  0.39589889213726898     
  0.39662195959256302     
  0.39371911501137979     
  0.39456364439934882     
  0.39190163349460649     
  0.38863081841717834     
  0.38809580654447118     
  0.39115847988360353     
  0.44055997934054758     
  0.42268301313759343     
  0.41141988209178737     
  0.39955696008887059     
  0.39738780607106117     
  0.39872498041348803     
  0.40404546087758253     
  0.39899888614082485     
  0.39635968090628126     
  0.39831034854640401     
  0.39380175126872730     
  0.39132059342572600     
  0.38812525898540801     
  0.39833691839433255     
  0.39599472763584570     
  0.39498925877313290     
  0.39301558798613073     
  0.39561072521289981     
  0.39372480357156514     
  0.39416869831198709     
  0.39177169476498991     
  0.39094476751624763     
  0.39304758201531309     
  0.39202534420540486     
  0.39089509816548157     
  0.39083101691908112     
  0.39189064030242721     
  0.39122403195220457     
  0.39132369744827672     
  0.39521549922883492     
  0.39635663857726788     
  0.39094095356348213     
  0.38654601910052983     
  0.38456423846252091     
  0.38780232226477002     
  0.39102491803615991     
  0.38575296541866017     
  0.39079371762236326     
  0.39154775783961049     
  0.39421608144033632     
  0.39249637215225514     
  0.39357481168827002     
  0.39284378871379744     
  0.39382732404921578     
  0.39078061509276857     
  0.39284802562885091     
  0.39620430192909190     
  0.39426403850013914     
  0.39309116757172602     
  0.39178115345952769     
  0.39263367734027654     
  0.39109890150836180     
  0.38975652081155671     
  0.38876529602549736     
  0.39112539070496793     
  0.39445000184006596     
  0.38990113362119799     
  0.39448872248682443     
  0.39436121150606263     
  0.39349746396132074     
  0.38587635399894077     
  0.38823109935048122     
  0.38757015725477328     
  0.39035824596865831     
  0.39364148315183778     
  0.39385383579879379     
  0.39330971525701858     
  0.39208581703079248     
  0.39358641953731632     
  0.38914645870311576     
  0.39201488551809338     
  0.39277170889959329     
  0.39372477282051049     
  0.39655053950030356     
  0.39550121573319275     
  0.39783284657940288     
  0.39750135906091266     
  0.39740530548909719     
  0.39535900766797361     
  0.39161111470742882     
  0.39091170265520270     
  0.39236276468485365     
  0.38896709608079993     
  0.39030124315645021     
  0.38986930293204752     
  0.38911526062229101     
  0.39261906139106506     
  0.39285323304222969     
  0.39869415067787062     
  0.39626751636851137     
  0.39771435330455396     
  0.40011196566688656     
  0.39636055231406131     
  0.39675172163289529     
  0.39530641240648179     
  0.39243276751720524     
  0.38934363757970664     
  0.38941811946450783     
  0.39024747793668724     
  0.39117127692940801     
  0.40068779649678754     
  0.39414030208046485     
  0.39189119779729809     
  0.39698723330696306     
  0.39474920788616624     
  0.39365425695432821     
  0.39187404578091539     
  0.39123523906340507     
  0.38791502681915807     
  0.39051724982129454     
  0.39087561478693189     
  0.39421812627423786     
  0.39140230499797019     
  0.39469427117000822     
  0.39104704439599142     
  0.39259104675818668     
  0.39384040813738741     
  0.39440351779440169     
  0.39303364380383227     
  0.39190111757699697     
  0.38976667793349451     
  0.40367347345052207     
  0.39754553642563978     
  0.39388791133841267     
  0.39344575355439837     
  0.39121571671790095     
  0.39229695215439159     
  0.39264545261520062     
  0.39205465075923213     
  0.39901868365726678     
  0.39476577740355567     
  0.39451820958068162     
  0.39680022997476555     
  0.39580892963859005     
  0.39367441422999333     
  0.39077938951902896     
  0.73511614684722693     
  0.59493039241151324     
  0.51146396508221992     
  0.45436202516660368     
  0.43104766265200956     
  0.41356396737503404     
  0.40551753345345865     
  0.39975754544235592     
  0.39662734468720168     
  0.39231471805528900     
  0.39413096942419257     
  0.39140378654335733     
  0.39121662290450915     
  0.39207937598509046     
  0.38964512548957858     
  0.39133654374591048     
  0.39636654107528452     
  0.39602551613273396     
  0.39703881582260991     
  0.39453728007376709     
  0.39110601725827004     
  0.39068249274930961     
  0.39132385142857401     
  0.38870400141488143     
  0.38795206528175752     
  0.38690203061794648     
  0.39058874468429905     
  0.38948335982830506     
  0.38528955152290451     
  0.38576295465443350     
  0.39137111995217500     
  0.39148762752879512     
  0.39397067149910037     
  0.39454137288890301     
  0.39408877908099077     
  0.39430774330133794     
  0.39442269785514084     
  0.39370140679178744     
  0.39404380072975981     
  0.38797080055075683     
  0.38872942505247315     
  0.39337462348458607     
  0.39581981619329182     
  0.39696722644040427     
  0.39089413300121989     
  0.38938350174970293     
  0.38686695499558260     
  0.39174251990933229     
  0.39403871726369738     
  0.39279321987938415     
  0.39333847564546709     
  0.39232439143423298     
  0.38701067972948633     
  0.38568575984340825     
  0.38922180251890864     
  0.38981930163313472     
  0.38706470766530143     
  0.39236408166775311     
  0.39232684679183533     
  0.39513253492588502     
