 -0.33787154301944122       -6.1252286717954005E-003  -1.1284775399219817      -0.39178853301602895       -1.2071899258312189       -1.1897676229128880      -0.43834441888284181       -5.4835533752081625E-002
 -0.85551727393773991       -8.7903793367123409E-002  0.18123966067669262        5.4723851056811761E-002 -0.58129872342080224      -0.64007996307027060      -0.98015363333144956      -0.76896312579334913     
 -0.17088714237062302      -0.11753762836316180      -0.24593169224699929      -0.96837728211918128        9.7619578683018418E-002 -0.58406851744255539      -0.80039360227858070      -0.58011668220586732     
 -0.42959555490223578       0.19347103502501609      -0.30147117070260421       0.52167258431986652        1.0277397002505293      -0.10122159353963112       0.24816741329121975       -7.9549103970140117E-002
  -1.3918236715907053       -1.0477369715828140      -0.32381663457149645      -0.28526360088642694      -0.54000429409473416      -0.16433837314669150      -0.56807876498822574      -0.39995027346887524     
  -1.2695855179739652       0.41006850554247648       0.47176692460360353      -0.23994831677753758      -0.75033827400043451      -0.28650824446053730       -1.1182545626019418      -0.42010050161999318     
  0.29776753728409322      -0.10163609874097992       0.22125613882503620      -0.22989293362804855       0.11755663713708370      -0.93602861094811185      -0.79964408515532648      -0.26959805339987436     
  -2.7807455288632349E-002  0.17197152097573570       0.12399707072883032       0.14628530197016443      -0.76597683842866415      -0.92475037414882655      -0.36291732404774257      -0.30705704514544024     
 -0.24444819135563670      -0.53174781480670186      -0.31502115826028798       0.39330619558841157       0.48932425494542242       0.26487520936705994       0.13590957287361219       0.19904613733780235     
  0.94704689747095594      -0.93589025061092279      -0.59854714046241786       0.15119185734727614       -6.5091502083421959E-002  -1.2415706192439042      -0.24676672414327983      -0.47324598681652730     
  -7.8835447995362865E-002 -0.52152278428861065       -1.2176720073175971        6.0846959266093487E-002  0.18930857014324889        1.1521507305224534       0.25855769953142110       -1.2056615439730369     
  0.46932088514334452       0.74276937317483616       0.91258668843281443       0.20489056932896477        1.1965816478963132       0.11081859092168030       0.47958719898401853        1.2319811151211419     
  0.22577343692208823      -0.49768668968717328       -3.4259564838103204E-002  -1.4341083892797153      -0.18522936393833087       -2.8639156507176398      -0.81456749347710211      -0.55224528119701499     
   1.7236768731395936E-002  0.76330443889048605       -1.1541493910647187      -0.59365226830601625       0.34600806970234305       0.23919359710680096       0.47271428298481860       -3.6247844193695956E-002
 -0.29155807200433870      -0.53045927304284834      -0.42343710988272393        9.6813756908585534E-003  -1.1465826675783655      -0.69220411061055709        8.0979071838575334E-002  -1.1190723794999009     
 -0.17036164304302087       0.33882011912944265       0.10758930696938684        3.1540506708923846E-002  -4.4187395588195545E-002 -0.63306377015195325       0.13653604186795040        2.9773865321487274E-002
  0.41767402457184155      -0.30415946466596872      -0.59750551689441256        5.1198313575756535E-002  0.29629251362981357       -9.2467941606184559E-002  0.14888367837877520        3.7707597980830371E-002
 -0.92558329172759424      -0.36199953198751206      -0.33386321128189028      -0.58536550951796007      -0.77090963547979741      -0.61226816071753243       0.35214335831327415      -0.43075202993000855     
  -8.3251567412696403E-002  0.23506031370651073      -0.11903485773474980       0.20169665201885614       0.12021401240166578      -0.37507358713593275      -0.48784633642236930       0.17944079881309460     
 -0.34387675500182774       -1.1326656339668975       -1.5100140495842624      -0.57006699566158692      -0.80324037780342927       -1.2216511865898572       -1.2028984640446430      -0.70073682365077405     
 -0.58130036706673427      -0.86880685046296124      -0.21944890394315961       -1.4674228314995501      -0.84059359471608142      -0.39607077338544860      -0.82274041154590360      -0.28144004047260718     
 -0.47607586558815962      -0.61825288876307161       0.55163147349143726       0.51249761743398614      -0.26140768603418341       -5.2036717562243047E-002 -0.44993669256742136      -0.26422977218534244     
  0.26790461087888201      -0.56865717403935001       0.37501752597578786      -0.57646994069787849      -0.23997800717883908      -0.54203126976530169      -0.32226515609479534      -0.35717313464258976     
  0.41344574197354150      -0.76380491635036840       -1.1259015905809808      -0.79512046113291202      -0.55071553002484885       -1.5562802795930641      -0.11553138771386763      -0.31506926047015815     
   1.0143090312868184       0.14198857727919700      -0.97877492471021688        6.6518380041089634E-002 -0.58962574954995528       0.44663469019646568       0.38385552249665311      -0.35218599472528894     
 -0.88714470204333440      -0.85198686493868248      -0.27733567271487763      -0.37746348029820886      -0.79430761703348784       -1.3040917508330743      -0.23999796582670918      -0.43836718506773681     
 -0.16717313640211476        1.0035907136086653E-002 -0.92057038718282636      -0.34612891677588581       0.47840701932007779       0.63029877831103232      -0.57086355218563312        5.7787699963635107E-002
 -0.37887630306595554      -0.42200721774618649       0.53332336191322316      -0.12210403601029843      -0.88231933402920870      -0.98100344191875744      -0.56604680620587622       -8.6508262035010029E-003
  0.44790998753853301       -5.7761743098032739E-002  0.77879292268670963       0.13893092986587618        1.0477589467095212       0.61640713257938018       0.20394281570757763      -0.18632351719152146     
 -0.55451605994794462      -0.52484445628661802      -0.21726185593504060       0.49759448741409856      -0.72889093483385237       -1.1790170339871844      -0.53671028598572557      -0.19446061023447145     
  0.52019725892446878       0.58923381659028962       0.65299657862835103      -0.19172959027146716       0.65721998966392592      -0.45255832879857466      -0.21927315040318637        1.2196461577478628     
 -0.49964986099632352      -0.46813648530214719      -0.13981512566958035       -1.1062041133344891      -0.76058023222716198      -0.40157362217927567      -0.90902732518825313      -0.73357624157260470     
 -0.15339766077778619      -0.78533907168824835      -0.58798345437607757      -0.54289298447439893       -1.0738534222326312       -1.0837786409943031      -0.19799005507820713      -0.14817138982973754     
 -0.53215123735644065        4.9222631464388766E-002  0.42119401897872377       0.17102801068353696      -0.16299254745156594       -6.0904434581953212E-003   8.6558599138688075E-002  -9.0405606231993091E-002
  0.31455067487541416      -0.11103855547568425        1.0189350705411950        4.6546456260900343E-002  0.15594532445821233       -1.5378888214713239E-002  -1.0797816876668560      -0.34501668793218565     
 -0.43036220565534855      -0.56262504697615323      -0.41028155941175354      -0.84267487926733742      -0.76566813056353211      -0.19308578628846981       -1.0201589688318959       -1.0544382947412756     
   1.1078618453593893E-002 -0.54780740228433067        7.5382173142208755E-002  0.36981679131975193      -0.24830630720922275      -0.43808874034863671      -0.69002918129502577      -0.54158092572878191     
  0.17971561952582868      -0.28340062883921163      -0.33570951172803937       0.68796128532613832      -0.43444901855381524       0.57998275171100577      -0.33566259913677210       -3.6644292642448541E-002
 -0.72657195118418350       0.10846534165568597       0.29852770002253676       0.54625344161969802      -0.63904703797941076       0.45207394464651135       0.14408683489235713      -0.24799849355340886     
 -0.39517996594605159        3.8667219129089291E-002 -0.25439916253317196      -0.76097504747372535       -7.0660413673186345E-002 -0.44448259824068825      -0.70201976649453335       0.21676225623896420     
  0.46923514963115576        8.9151450382463256E-003  0.75462078614772365       0.11873374284706414       0.26178545401871034      -0.64104473643897442       0.28601868973959443       0.52848924773948913     
   9.0885738477135131E-002  0.73229805344222809      -0.67419318119997318      -0.40680672911912730       -7.7188253812517926E-002  0.84887502806529946        2.4642569700640920E-002  -1.0401599454615920     
  0.32897034868743785       -8.3688752144219336E-002  -4.0016489610915931E-002  0.45487350077714422        1.6518408362445239E-002  0.68380132240319702       0.24411040011724716       0.10722327267276224     
  0.39129263695821193       0.53182805069297379      -0.58852478010782316       0.16805318166766212      -0.22140709155258431       0.98796131993999858       0.42826775570614500      -0.44519699104843391     
 -0.46261483651097163      -0.94669616882029073      -0.73061102967075842       -1.8822468679625397        5.9604225106870773E-002   1.1594604986932450E-002 -0.22434633277295005      -0.54866197116573412     
  -1.1069469687545758E-003 -0.21075640205925589       0.50659086136159781      -0.51461561400123368       0.18520019231100915      -0.63099413829860562      -0.44340331435450137       0.35053018071528691     
  -3.7758381254900508E-003 -0.56189453647373033       0.89723112228471458       0.12221613199045168        2.3157782770638694E-002  0.70274097132504820       -14.540478794868696      -0.36088882929016963     
  -5.2378694282440491E-002 -0.55771433541187887       0.15406976968524946       0.26395302320226111       0.17731200831151067      -0.48783922581120331       0.21288659122534082      -0.21281073383708732     
  0.30992348545786624      -0.10149739255409224      -0.24806620781146893      -0.58789932864494499       -1.0857928870912165E-002 -0.85685234288012180      -0.15390871650060983       -1.0777581155517522     
 -0.57675643162000612        8.7465412911417392E-002 -0.57425002674873760       0.62946432739971225      -0.58635927741911431       -9.4389396500208667E-002  0.39014114512292580      -0.27237820178024286     
   1.4274880614231072E-004 -0.46720278416735866       0.25313633682741221       0.58452152049665407       0.46315985334733056       0.25733958152624575       0.27274635376875278       0.12842355367416899     
   6.6413428196240187E-002  0.14286070578280319      -0.68443274132707965      -0.74712821549036723       -5.3345369377117376E-002 -0.17818937094389986      -0.64289661709354984      -0.56407910737514588     
 -0.88679582867198370      -0.80656492738447927       -1.1122160760251483      -0.99267251077178076       0.40258413381273062       -1.0139693239209295      -0.47554295771963734      -0.60432938598622632     
  0.59644100163650238       -5.3949648688208583E-002 -0.72479645530816439      -0.36716320916703710       -1.7624136411061233       -3.9755742794238304E-003  -4.4315125349827830E-002  -1.1986037682333743     
  0.34342883248342393      -0.43755805228574540      -0.47466096874559321      -0.36001530811957672      -0.32043350481954763      -0.61875056692249719      -0.23441328975168366      -0.41042470996108327     
  -3.4421402257968081E-002  -9.1557826936014067E-002 -0.12182660923380120       0.65428535024005563       0.19753374370643101       0.46701553466707518       0.11711019976271206       0.15960933334843619     
   1.6394120668777856       -9.2002835196652692E-003 -0.22188980220974536      -0.15866517426634755      -0.40655416233096658       0.36193849312441367       0.36934285560111951       -9.1220310359338853E-005
 -0.47163099257346836       0.13280984226495979       0.11865166687438557       0.32839267776465392       0.47046872535613160      -0.36475819969835543       0.26111350138018591       0.40399964522787563     
  0.88712423336950141       0.26981958047878968       0.25027604655506047      -0.28930759884891094       0.87928144197946845      -0.17871409643385427       0.67422514781119669        1.0065626194442232     
 -0.50637089890099429      -0.37900881053823443      -0.61929096184848320      -0.97763334653730338      -0.25008866071226904      -0.59919280495345251       -1.0375191508964965      -0.65483238552040868     
  0.30013947908014738      -0.87582065723450075      -0.19112857085509360      -0.57270304234741576      -0.36680289103242847      -0.63793344460197710      -0.45465068648523871      -0.93343931375915312     
  0.26717238325321513       0.19829052414276294      -0.43470389596567860        6.3032083391552668E-002 -0.38035029612011068       0.16911581880889373      -0.34966864260153158       0.95510100302905410     
  0.20730757424712462       0.10193737700667976       0.53345213663720570        4.1308201425995845E-002  0.25922627926295894      -0.61503502872569404       0.33540335501253216      -0.21685638245687447     
  0.33166151948296652      -0.15693548359441081      -0.52533050882493215       0.52161798805225823       0.18420420661517600      -0.12434957843128579       -3.6778720606206461E-002  0.81806137398499512     
  0.42699475207031784       0.46098061414967384       0.35660376520953929        1.1203574764296300       0.12489774395624567       -4.4380838227811796E-002  0.59449245179800558       -7.1392151179554192E-002
  0.10404204685726262      -0.68387926082322048      -0.16124103666232628      -0.42843036230643211      -0.47364238697990263      -0.29946160447948589      -0.73911414124020636        2.0792990815631839E-003
 -0.12893878373933965       0.48457433070606482       -5.9241906626662039E-002  0.60677174029175784      -0.15225308451639794      -0.53559042385663058        2.7686339189294935E-002  0.30212476415522110     
 -0.39910545645914219      -0.38353841820949330       -6.1968741760677334E-002   7.1938851223460054E-002 -0.44938444648679532      -0.18445806541306664      -0.11535328941913001       -7.1253919457111931E-002
 -0.42179346848808541       -1.1649217750881018      -0.30293502950494033       -1.5008862838950447      -0.76825615886400145      -0.95360357746933611       0.28334173566801835       -4.6332591403289700E-002
 -0.88740077598941569       0.29608121318731573       -1.5737896282070578      -0.99932367868532301      -0.19196286551616218      -0.59809235967248420      -0.40524136388025633      -0.55551455771159652     
   6.8179161958290269E-002  0.22006080566937425      -0.21155456968167580        5.7622737558340178E-003  0.65647973509251367       -8.2232373571858447E-002  0.64255435827862395      -0.20361867817268312     
  -8.7791001274532640E-002  0.34950000185854935      -0.31997683458996290      -0.23544375119842939      -0.45210475220983759       0.30976736285102435       0.20908225777757655       -6.8629561110414752E-002
 -0.67775285344551905      -0.71803547815548663        4.5161204318175246E-002 -0.33628481625142143      -0.99596287265152927      -0.79005961486257159      -0.46205993580099985      -0.50096855765198789     
  0.21413923305012342      -0.67582877538793606       0.35435503453868933       0.15733548847561551      -0.69438395650234475      -0.66431405319159020      -0.32685202141351949      -0.79965869261636002     
 -0.13670646340807913       0.57148913019338021       -1.1972838514375457E-002  0.25233565800617230       0.48139311147023317       0.56730994088169084       0.10507483953618665       0.65123165972690311     
  0.16644453130091949       -4.8922482465498122E-002  0.29198146414502946       0.71886482590443279        1.5797658667761527       0.53648835755819924       0.18767378146758232       0.69483752895221962     
  -6.3885031897297856E-002  0.32877276792281540      -0.83305028062632014       0.62451953480456124      -0.38145029374566031       0.58241345384292798       -2.6709525269332499E-002 -0.33778178867355491     
 -0.83251262773631296      -0.67742531938873707      -0.18788370664448822      -0.28031198724544409      -0.34062415199521817       0.27694953463510052      -0.60928323862293976       0.14873053672893796     
  -7.7923605500538298E-002 -0.21842337366517581        1.1898222714740554        1.6244883746036103E-002  0.47155123062822890       0.39047283131866606       0.42575496163073145      -0.18393398409187986     
  -6.0501774372595268E-002  0.40314378193439249      -0.14615584280742824       -1.4794929333647200      -0.69064228065517408      -0.84039625355928349      -0.78558006040522865       -1.0582044581610377     
  0.28208855424621038       0.40578790961711780       0.43531706075577603        1.2595606026900701       0.56200265361798685        9.8932750355629692E-003  0.55702262244885881      -0.17960351997425633     
 -0.82535780143260506        1.4344574318818020      -0.89220078498519362      -0.97964362958742113      -0.33330520580158779       -1.1366001608022838       -1.1271297876208211      -0.76301608588055392     
 -0.26236176156867608       0.29390059141896674       0.45925554653506934      -0.73274987265455038      -0.16343041355491661       0.29822813690753353      -0.55248318900842841        1.8699691355994204E-002
   9.0970193001498681E-003 -0.61764494509378431        1.0789214839318022       0.40351169262546149      -0.54287226970288149       0.11661919923333271      -0.36807376015961235      -0.44384765621979561     
 -0.27436219362137537       0.49924080924157399       0.62856573017949313       0.31027406619389064      -0.51210748230342484      -0.78001567909812508       0.51872088633112323       0.30430149773063153     
 -0.37284894065920532       -9.7375603182006401E-002 -0.24886768179578395      -0.63921368780817656      -0.17614875717716047      -0.20199071918137543       -8.7478582584621933E-003 -0.25180031580631745     
  -1.0632821851290428E-002   1.2249761587346772      -0.66399453026104271       0.51089509713009829       -5.1327696790504959E-002  -5.9318655468810891E-002  -1.2538597229975617        1.0193302444533598     
 -0.12581669400247558      -0.33950619381260311       0.44322416101070328       0.27922141352174268      -0.33915795204719507      -0.10456085347822650      -0.51809243806800709       -1.0675071701255725E-002
 -0.34631636432600221      -0.86837557475131610      -0.19849185335248976      -0.41718931304719309      -0.69491519385810818       -1.1070975993719978       0.64605326995248369      -0.43110289165565413     
 -0.42101818052342749      -0.89173408044899349      -0.60279621448659348      -0.18598646840033689      -0.83352852374347253      -0.17574245428850821       0.10173209509962894      -0.84148359493735503     
 -0.52357027273330214       -1.1712984681010052       -1.0139671694084871      -0.78050097283832109      -0.25532573744068765      -0.12585792968424364        5.6805386635926401E-002 -0.86549578907789182     
 -0.97980925324581136       -1.0091893344154212      -0.19522377196812543      -0.50612220508879491      -0.27612386853952098       0.35756342987136669      -0.28182082319727186       -1.2275092081956043     
  0.30512397111749368      -0.13401589772937347       -8.7228333782361805E-002 -0.66185490453194273       0.69688105891265306      -0.10337135510903081        1.0242151077578969E-002  0.67346389084780678     
  0.22523970959210204       -5.9036918777730117E-002 -0.60271250512015462      -0.36124432258266925      -0.63055574854532304       -1.3701356679604282      -0.64075502400330442      -0.76642717773777180     
  -1.6406115401332348E-002  -6.3367812096481346E-002 -0.25112396390938252      -0.32234825712362492       -1.4534043974131581E-002   8.4251842684343103E-002 -0.16582772904482673       0.60176593645785748     
 -0.94803122341220669       -7.6106586760493172E-002  0.44976367973416220      -0.10439273630944820      -0.41811181990268786      -0.86052114569918414       0.20495945091773962       -1.0079664964271535     
