   8.2364362022004176        6.1744573379390362        10.068488020542306        2.2563660332025881        7.5892528115421474        2.7578847505978108       -9.6785398888599001       -1.5600319298420942     
   7.6008127426943597        5.2496475063412582        9.3593464355442499        1.4584857208800777       0.42764750306982086        2.2189397079899567       -5.1278737585362624       -2.4608263638237582     
   8.2160598741475539        3.9679566327603988        4.4454320571796329        2.7674662326586867       -1.3130341087930728        2.2577494837218537       -5.3295865657796897      -0.61583180853099961     
   7.4392855508767548        4.6411445511406564        3.1977035319601672        1.0493416091630390      -0.18381322529902669        2.3782695085093000       -5.6712063464691065       -3.9574041277351322     
   8.4557252821754023        3.7111844767605513        1.5297315500213433        1.4483995519191466       -7.1021946291446050E-002   2.6749204085414622       -2.8920758226081258      -0.91859464558953485     
   6.9213179512871665        2.7731437633324147        1.3365465047460923        1.9693125750853153        1.1699099548014440        3.5865626656414040       -1.2478255587207185       -3.0173730132316838     
   12.833550799299179        13.906516677247136        12.190679070869406        8.4961719804130418        12.645212790981192       -18.816338540503249      -0.85161879970718635        9.3782648633339800     
   13.152587458268266        9.3630290195580432        7.3145810554806729        8.2443883758621599        5.9148478266161169       -13.408317377519733       0.67274583649425246        3.5207783719120935     
   8.5882555915887284        8.4029089355765709        6.3252629791276824        9.6851387028036076        4.6824889544129187       -10.381656929173975       0.51975054566550905       -2.3446236915453618     
   7.1893034274868848        8.4103024579305270        5.4559806883371493        7.4928947737416181        4.1488661493925925       -5.3060991618156494       0.20936627975513253       0.22198741879234130     
   3.6157609005770266        6.1158320130398360        3.4169587529176075        3.1157202946557181        4.3434716001729710       -2.5461795188731942       0.91794636593959522       -5.3547899319041887     
   3.8012873298214847        6.1351807494505675        4.6618267363163062       0.26075359956897298        4.7546301305845615       -1.3629578226149459       0.12275952783719785       -3.7626982027129516     
   3.4079302859238809        8.2810958422234187        4.7577307949383343        1.0735855974397281        3.3882972776135567        1.4319794904769991        8.3692934971037776       -1.1571390455086301     
   3.8536237501900934        6.6465497397704150        4.6513259968588452       -1.6908674165694637        1.6081964476397332        1.3300303796808493        5.2918999728011427       -2.8947563760666100     
   3.9664723762303993        5.3648959920460024        3.5084369557834916       -1.6603632779679867        1.7124193924155904        1.2470215300909955        5.0970401205072777       -3.9034403706681267     
   3.6472307192079665        4.2104051253635744        2.4757196515168207       -1.2199652726719203      -0.36501566735032182        1.5618296162212058        3.6669569654601761       -5.2247177389970139     
   4.8721980424513953        4.8373086716476861        1.7579056894965090      -0.92656375144457492       0.19299757823540048        2.1740686492297470        3.6134549074424096       -3.6635405547719975     
   4.6415372708584854        3.4588676480535869        1.6915646028338645      -0.45735882066084943       0.60500621823485912        2.6346012589764825        3.2573640470175094       -4.6724026916423389     
   3.9741334458818085        3.3642977858431427        1.2010527913420590       0.77972685791831897        2.5940422944130019        3.7627348408223291        3.4692320374279015       -1.6026599381496802     
   4.4620915055312711        3.6940289543244944        2.1427499156928347      -0.52459049548724968        2.7575412101882080        3.5938081388373946        2.8172102616815922       -2.7372582341527245     
   4.3732162903950025        3.0651061835335343        1.5740122736122708       0.39732308696198571        2.6217048621172063        2.1007205923462959        8.0459041749874665       -2.0092822317955261     
   4.0782409794887249        1.9646417867762325       0.40171648357439921       -1.1170344687616924        4.8507347512023742        2.2272810271357470        6.9559929872454953       -3.2907625826349274     
   3.5956974189723527        1.6206225483564105        1.3257909957458756       -1.9997444884735611        3.2356361380260341        2.7926622445055478        4.7139607643422421       -3.8062294306245583     
   4.3135386094945591       0.22905067933636691        1.1486224163811212      -0.68707477183126420        2.3641261576875698       0.45474019536878929        3.8251847161530308       -3.5084368492788025     
  0.91848388925808000        1.4129028575968074       0.93700983592326881      -0.35702965979699436        1.9390382878466459      -0.17160592028910099        1.0417013289233166       -2.5098839458625162     
   2.2907446048897722        2.0639140940959915        3.3187379337874532        2.8223464807452689       -7.6862331508110922        1.2896896919986687        1.2120137706682850      -0.61931330418210040     
   2.0567663526734195        4.3655670505244712        4.3864841687649854        2.6651047407707131       -5.7884826946552073       0.74262008219186348       0.68494881739260371       -1.0645602605745612     
   2.2071582720754179        3.1018062540701887        4.9985074190745413        3.3824776122665630       -4.6363388924868536       -1.1839141063032952       -1.6189377581281581       -1.6596250875467986E-002
   4.5103833563067566        3.6487440158176434        5.6638834360671337        4.7943113963404365       -2.7633375117246746       -1.0718720565486557       -1.8394344900783226        1.7525153002297496     
   4.5637269923047992        3.3013251929316971        5.4656237907692145        5.2071898117440192       -2.4098231184249683       -1.4395150496032858       -1.3095088691195393       0.99444474269468885     
   4.2744232749181101        3.3561206113752369        5.7186279414930494        2.6247352856149622      -0.67921607335377854      -0.56219031454589452       -4.0891222495490238       0.76889702179892483     
   4.5003025550074760        2.4644644657196553        5.6246009742444505       0.97743466456798311      -0.48666011891904737       0.47631441172897138       -4.0239386881550372        3.0829731713602582E-002
   5.3034585716038158        2.7795895954984320        5.1686872324417843       0.18014740146393099       0.30710310286026993       -1.1604902963075601       -1.9774598413684761        4.3510216988400477E-002
   6.0381377905365117        2.5829990819049784        4.1205829735719002       0.46113464804723520       0.89178503450688873      -0.38291496891514981       -1.5077828043758090      -0.37514450853114378     
   6.7561264198647022        2.0297754587170380        2.7397450863110429        1.0943431000744996      -0.71471257125622611       0.32948302201585672       -2.7243094625265543      -0.38180886438848760     
   7.6806264487085647        1.3519324634204728        1.2627152799366779       0.60054553288421775        4.1783971387752111E-002 -0.37827492212166947       -2.5213056100563063      -0.22333666098046534     
   5.2427137413284957       0.43373118794271504        2.8476258137153705      -0.78240556339118517        2.6691234549440357       0.49705053454722659       -1.4897180484194050       -4.8174510494006187E-002
   6.1935670667246852        2.1906107120091289        3.7167406846193423      -0.83253694133817024        4.8995606682026853       0.76812214731794948       -6.8790952054195467       -1.7330466738102628     
   5.6961706761335043        3.8466465708986481        3.5748069071874129       0.61282113375755831        4.5730957946018185       0.95056681385905417       -6.4944193218269666      -0.57510996358709421     
   4.2710035314189794        4.8140918434084590        5.6537168417901462        1.0460436332946403        3.1974549841640414        2.2226201635372891       -5.1502330395143723      -0.50778368780266725     
   3.9016854059004960        5.2703041195642237        5.7005055775887818        3.0757764519937032        1.3083269593464417        1.2379199691603013       -2.8526536201774171      -0.66275769718878930     
   4.5475920694031924        3.9265393801275539        3.0308102190774164        3.8833521357481051        3.3229493851232168        2.0338951457066297       -1.3910143249105473       -1.8172327661309557     
   4.4204867546681417        5.2346062278983547        3.7670281016742937        2.7102309059285852        3.4584273159257144        1.6350865396497323       -1.2354717111422076       -3.3827014444808587     
   3.1874151545636376        4.6983543696057044        2.8109219671080754        3.7901861623733155        2.7165084459713702      -0.36202812126376482       -1.7269131440407375       -4.0655084171295250     
   3.0689855903998731        6.4900326210879857        3.1877124578397611        3.1323434614746337        7.6556972087553898        1.4565533007563607      -0.70065062395344324       -1.8272843998198844     
   2.3071337119017983        6.0846013594486452        3.4174559523729391        2.8536150739719170        7.8317014481643268        1.5249319619993325      -0.11660665861693058       -3.3286925843390449     
   2.7271445818405105        5.9472748735128453        2.5934148073411185        4.4158414454353672        8.2188818060076603        2.1983902505295818        44.226464863818663       -3.2233717833839428     
   5.7865517332353509        8.6148999408306661        6.5046585138321547        6.6785976501047912        9.4918098596159695        3.0873266297804736        26.239285266989775       -3.0396872938126052     
   6.7123741408833490        6.3943890020159309        6.8352621274564598        5.4495734051720621        7.8653663153500624        4.1866982375111341        20.267836196361575       -2.3547551013692805     
   8.4017175319209265        6.5265910757788674        7.9726313653196330        4.6585894358505726        8.6378763230355684        4.4892239323930712        18.619547869071429       -2.4875195757067363     
   5.9879550166784377        6.4363310443011059        6.9578997911336602        4.4677857214998431        8.6804174292482337        3.0470656018231770        16.271210876559007       -3.1936019924893091     
   5.5376431003590945        3.8249973637731465        5.0403850738227058      -0.22394249644327061       0.94450627468270398       0.80094334919046450        9.3135663752357090       -4.1944874253873374     
   5.2327194427336909        5.4732429213318081        3.7012910626436284       0.20397912582755584       0.98447502808981813        2.6389765308860822        6.1608091350646292       -5.3533655393780863     
   5.0859935343036238        4.6181096303656748        3.0892439758427290       0.28184828948444896       0.52992835076051004        1.6114524569623347        6.3653834724621259       -3.8927549889331439     
   5.6916455779979280        4.8622604665712243        2.4764529935349633      -0.81722044378687331       0.93598629672824718        1.5976131839004255        5.8070363324109815       -3.1475477573648889     
   2.5969482220379891        2.9951858974544785        1.4001086566837462       -2.9087832541961003       0.51494546484519033      -0.38715917443328390        4.9802778752987473       -5.3245308026922364     
   1.0367683079314927        3.4486783054681749        2.4312868566819628       -1.3793255509011926       -1.7445623775488439       0.15214621170874026        2.0755968645597576      -0.16821824703135158     
  0.91378678014188908        3.6024872924189038        2.0798740950509140       -1.6911835899916230      -0.71882014732935373       0.17680129402410563        2.4124878425782397      -0.75625598047569287     
  0.98702807475581011        4.1514577378975153        2.8593265417235858       -2.2933936788881626      -0.85642695933564950       0.55657567342173675        2.2625585525058791      -0.68928023666287530     
   1.2813543838445800        2.8955870849498648        2.7721059050596266       -2.1020374281922298       -2.5874516783377919       -3.2579733498657006        1.3710837903814113      -0.66309585290312001     
   1.3650780975175687        2.2991341178178950        2.0214302737275784       -2.8482276953022967       -1.5260283310015768       -4.9749989419375806        1.6455452845261229      -0.39445086200074397     
  0.21186845238961266        2.9667865246288225       -3.7750646674916268       -1.7598855720838740       -2.1956799349261975       -2.9532588835240610        2.0060842027172407       0.77939743445342424     
   1.2478745567945242        3.7034648330273927       -2.8754308900160988       0.30792597639900537       -1.6467975356353532       -1.0720170435815386        2.9677205996538825        2.2655322160365468     
   1.2184654602425125        2.8782068388156783      -0.39870517332923916       -1.1934909417900330      -0.70082813406143907      -0.26025744502218229        3.6373968588556584       0.59900213344001951     
   1.4227957622640683        1.5609468695335085       0.53027155982348917       -1.5307652096543458       -3.0109405162771048      -0.25627395469558362        1.8228474174517479       -2.2033828980421086     
   2.5566655381701824        2.1446402238502444        1.1317419540490761       0.49675508400536805       -1.1943351627590459       0.35734874418726392      -0.18602869559601118      -0.67568632932363348     
  0.74594994899481981        2.7058668210528727        1.4356762998852837      -0.92524955665852293       -1.5111767806355876       -1.8129698853243512       -1.7833934729420065E-002  -1.7114674788864919     
  0.87409806525161926        1.3014324423603503        1.1407539137175251      -0.97193122081861116      -0.66796569891383795      -0.55800576998199491      -0.62278462104580312       0.40026540225138341     
  0.83191859762965137       0.40203896429520369        1.0328132518834254       0.39141020302319729       -2.0533830266034494       -1.9311803260386893      -0.12352637446435116      -0.30958906138794667     
   2.5283841461088383        1.3948645321688793       -7.7372286350344881        1.8452912724188137       0.57351580892232201       -1.2096328189664702        7.1571815494461530      -0.50492159415523419     
   2.0302304076431064       0.65422091928074166       -4.9376016724670091        2.5361090282360195        1.2469183887071325       -2.4366778792772203        6.3798416230010266       -1.5129304205162175     
  0.91127619640366064        1.7420055502054510       -3.8629014602159315        3.6071153474608484        1.3044952136896328       -1.7615192913188911        5.3429489800498970       -2.5646610953605053     
   2.2325835973088126       -5.3156811532144737       -3.2885992060166962        3.3983517222040693        2.2447263017888166       -1.6882895560893840E-002   5.1602552355124285       -1.4199044932015132     
   1.0339939185321798       -3.1151112562164611      -0.97263581384471887        2.4805364091658881        1.2770046589135908       -1.1253775096619059        4.2000759577965958       -1.0444550977423099     
   2.8090810098063437       -1.4637366202896580        1.1774824389496839        3.3609750240624940       -4.9332096797977760       0.33820234163703056        6.9229485792158751        1.1891637082354212     
   2.5425538364575870       0.70552876741673520        1.6536313617595204        4.1501463703058530       -2.8997873383662078      -0.17950786178375450        6.4732015261611444       0.93400414293250333     
   2.3871428308859750       0.90716195079233386       0.38074046223487940        4.7196503230352942       -2.8430485875511962       0.11050027549030556        6.5353956775099329       0.12220610939595808     
   3.1865073774245527        1.2802822337385138       0.68805131397286157        3.5955447774927087       -2.9074569528015584       -1.0504247903711499        6.6877066533570551      -0.44373712718988290     
   3.0016888478460211       0.78654071745037513        1.6808169824457497        3.1738218748053533       -3.3853314201160449      -0.60591667662757587        6.7748701567980483       -2.1065141632865259     
   1.0337059429551765        1.8060425943988272       0.38547443124787367        9.5362434675851149E-002  -2.3540802287319083       -1.5086653069613907        6.1729381457380708       -4.0101802573724843     
   1.2528137030393331        1.5710922783958714      -0.47705363014413016       0.16672636124679507       -2.6254531349047396       -1.4390103789488760        5.3851933770137848       -3.3039047786942199     
   10.178811267486720       -17.066820480289962        5.9583137285183563        6.7426174178403846        4.8852062269740859        2.8215844120222493        10.413279216149647        6.9528197526169961     
   7.2459102635830446       -4.7649099895942868        5.0535063366370894        6.0923533924719315        1.7112659607367755        4.3355293978025307        8.3003065271032792       -8.6151531083940291     
   5.6199141953801526       -2.2862317624183035        4.2678024641063432        5.1344820162798612       -6.1029494088934724E-002   2.8862183966946895        6.7712025254975474       -5.2512326703883714     
   5.8287445201005266      -0.43945710655776299        2.5102000850662503        4.2179934270347070       0.47292673427999360        2.4257121463581059        6.1410328981543270       -3.5545137713203863     
   6.6280764677430266      -0.40491735596614725        2.5174319393756641       -2.1519635674208617        1.2740914559049135        4.4027486612186264        4.2200309893415175       -2.7665931336225493     
   8.9091316283857225        4.3122470220518716        7.0688306088571977        2.3637390622848913        5.8546543428280682        4.6577065980713321        33.474983684666412        1.3426258317737292     
   9.8324391740143664        3.6280100542925950        8.5812857635653650        2.2411076013429061        6.0033447663846449        6.4157692634357746        33.744141001706758       -1.4970969780338395     
   6.7399234918053077        5.0476894162965138        4.8302333669899200        3.2468978894025051        8.6825595163171290        3.3954939550682770        24.824942592042994       -1.5796881937200913     
   4.3331041820342691        5.8239637118181244        3.5022988497124885        2.2192479655138460        8.7672974869251892        4.7022603465553567        18.646729322253869       -3.1401410491950439     
   4.4133683135101194        3.4250561625252232        3.2491293226519273        1.9311147235729846        7.0290676580791205        4.7532641181386195        16.619643134608374       -6.7430852835396147     
   5.0137149330252395        2.1648535576903654        3.3864975982084022        3.8293321941428440        5.7523378786306143        3.7569000196296898        15.454025132849953       -5.3901566476703175     
   6.2760599327419424        2.8599218331629244        4.2159485949466378        5.0814578390778253        4.8816226168025940        4.8256672132432179        12.106957244558988       -2.3215688954034182     
   5.3604651154257814        3.5540608279766928        5.3948540928870665        3.6152414185769262        4.6917527374918224        1.9847230680961778        11.620800942200669       0.43201807071328457     
   7.2998569677597693        5.6232412597396548        4.3557146728188396        22.291298128130517        6.0303606035687176        2.0520421229455903        11.930617341323602      -0.68902709759747083     
   6.0677789200564964        4.7805496222448172        3.5296301827319767        21.298623513156507        5.3787393916306296        5.0639587055992322E-002   11.130868885021009       -6.9527936991967261     
