  0.80155426381356221     
  0.80170043749341602     
  0.80178439438271754     
  0.80171780769520651     
  0.80150341612624898     
  0.80161599236171555     
  0.80165163266503214     
  0.80147845099271775     
  0.80176379961813493     
  0.80175129375592091     
  0.80171184445547283     
  0.80157675705773590     
  0.80187585856298316     
  0.80165326632264011     
  0.80164535922958380     
  0.80147653506962901     
  0.80123066031905721     
  0.80136852813414228     
  0.80157623139067979     
  0.80190454612833872     
  0.80178030175803183     
  0.80156344321786421     
  0.80122742629642474     
  0.80143509390411227     
  0.80151309501329959     
  0.80156964507602524     
  0.80138699507332434     
  0.80174377830376697     
  0.80168897865127220     
  0.80170576581320863     
  0.80189463017401397     
  0.80157259924802715     
  0.80180773350606005     
  0.80162507753398449     
  0.80175664765069310     
  0.80143299281391533     
  0.80162454020448237     
  0.80133573484979803     
  0.80174565554826893     
  0.80174415257129450     
  0.80171697886849169     
  0.80148152110170079     
  0.80149988929818661     
  0.80154547889187910     
  0.80154716511751356     
  0.80130620985762491     
  0.80146136718386363     
  0.80150612184643788     
  0.80150733536246610     
  0.80151455671568794     
  0.80147835681924695     
  0.80138968918683906     
  0.80106587047017375     
  0.80146655804784528     
  0.80140914130154428     
  0.80148986928641686     
  0.80115462415522221     
  0.80153618850262864     
  0.80135601230431630     
  0.80132084989053110     
  0.80175938897184651     
  0.80141686531281964     
  0.80152787716107565     
  0.80164680698079882     
  0.80165441879616361     
  0.80161635414856347     
  0.80173104813765894     
  0.80185927198346973     
  0.80174737632699600     
  0.80144989079738782     
  0.80191921624746731     
  0.80156202846397495     
  0.80154105971308498     
  0.80171770910603257     
  0.80157823801983341     
  0.80162849306384687     
  0.80135198192747126     
  0.80169293958855614     
  0.80120398401057258     
  0.80137741868858425     
  0.80185158292823000     
  0.80159057227738151     
  0.80157848023415312     
  0.80145121061889302     
  0.80185061550092940     
  0.80179059205244119     
  0.80164039410998089     
  0.80145041802552408     
  0.80142812776816541     
  0.80173214482915034     
  0.80185846009772421     
  0.80173987390412282     
  0.80165000120611096     
  0.80187681658992038     
  0.80186907289733778     
  0.80187486372791883     
  0.80139395848494188     
  0.80169304165330857     
  0.80169492722349445     
  0.80134361568413437     
  0.80143730537661251     
  0.80181576784959330     
  0.80164003447303445     
  0.80159900509889381     
  0.80150898267156678     
  0.80162537223513652     
  0.80135944340061660     
  0.80187994419334119     
  0.80159619142996208     
  0.80185945432723349     
  0.80171179716673324     
  0.80153917493161142     
  0.80190322710020367     
  0.80187075369098626     
  0.80220811028006611     
  0.80165529929920654     
  0.80196112210547965     
  0.80164767456549968     
  0.80171308149802978     
  0.80178277475927262     
  0.80104430457150511     
  0.80087595763057406     
  0.79836053878590119     
  0.79861652695587471     
  0.79844425094360461     
  0.79863848745981647     
  0.79854143536634514     
  0.79854476418448483     
  0.79874784020581435     
  0.79854230152483130     
  0.79841755524828717     
  0.79854094070442427     
  0.79876549292813592     
  0.79873085330004556     
  0.79851387219909487     
  0.79849161361366461     
  0.79812092964012438     
  0.79862437551239762     
  0.79826481846029740     
  0.79822970239516944     
  0.79828831139125045     
  0.79850619059881145     
  0.79849644608446124     
  0.79848802703955390     
  0.79833713553227514     
  0.79839007131028028     
  0.79816011121814023     
  0.79889857054249946     
  0.79862670946627257     
  0.79865086520636042     
  0.79875215027263413     
  0.79868896391907340     
  0.79862096627469992     
  0.79850023842560958     
  0.79839904843843523     
  0.79871832186837954     
  0.79833488873750924     
  0.79832860034015884     
  0.79845297578250451     
  0.79834479817211812     
  0.79818996100154005     
  0.79874898880482847     
  0.79847896433834764     
  0.79881773163710534     
  0.79841093696685828     
  0.79880890458344145     
  0.79848967542955085     
  0.79838085181244611     
  0.79852414721532750     
  0.79820187804136955     
  0.79823343327866891     
  0.79837352126376393     
  0.79837594289050073     
  0.79856060174012822     
  0.79862023708351104     
  0.79838556534260174     
  0.79887208113974528     
  0.79838776600043393     
  0.79860053683371901     
  0.79845039617004832     
  0.79850406694517007     
  0.79827868114166245     
  0.79821842991931991     
  0.79829561192373377     
  0.79813887007041673     
  0.79845216658585416     
  0.79864243076171770     
  0.79896006424724542     
  0.79848925976327623     
  0.79835439317236923     
  0.79850276572799583     
  0.79855210698521983     
  0.79803056484646173     
  0.79837793210977626     
  0.79819781840236292     
  0.79859298509047094     
  0.79856026185888096     
  0.79832452935469567     
  0.79811988840425230     
  0.79816963974424027     
  0.79889478052496665     
  0.79863351800249460     
  0.79846243881620793     
  0.79813949114385840     
  0.79840866499495844     
  0.79842671880072336     
  0.79836955965509859     
  0.79859237495602609     
  0.79857616288869204     
  0.79883704363121422     
  0.79853516779448452     
  0.79864622195771928     
  0.79886177741193820     
  0.79894903126053807     
  0.79856778916017557     
  0.79848951464129070     
  0.79861614441567896     
  0.79845219011278690     
  0.79863978001183200     
  0.79852051108297306     
  0.79846327914633808     
  0.79853262869168407     
  0.79847789887904141     
  0.79841529663160682     
  0.79847024271869471     
  0.79893087100479421     
  0.79829030851541061     
  0.79832283718761654     
  0.79832653989401992     
  0.79853605105361469     
  0.79860682995408605     
  0.79857479942991683     
  0.79820280808894739     
  0.79826090652016357     
  0.79875688038022763     
  0.79832710982685351     
  0.79855873159420565     
  0.79867079307538136     
  0.79826219739946436     
  0.79827703544596251     
  0.79826385079126783     
  0.79832395169696058     
  0.79832697602080782     
  0.79849799897666518     
  0.79821968926086118     
  0.79838166935735411     
  0.79830866212826668     
  0.79819982345333873     
  0.79826726162536232     
  0.79852177652462675     
  0.79825866363970921     
  0.79842236790036680     
  0.79833639119862509     
  0.79885564359611583     
  0.79790581905353064     
  0.79792226754036122     
  0.79807900668764920     
  0.79812468604481435     
  0.79826984286799563     
  0.79801201768035346     
  0.79830445704297959     
  0.79812557676387241     
  0.79801275379110548     
  0.79812982228334517     
  0.79830700131502086     
  0.79786029436315020     
  0.79820250709147189     
  0.79832326350281246     
  0.79802016040754709     
  0.79813614784465980     
  0.79778149224802131     
  0.79826918435903294     
  0.79823400910523135     
  0.79825827236231661     
  0.79851581681866657     
  0.79825151689210916     
  0.79799967564192953     
  0.79815182153516862     
  0.79833015902500382     
  0.79820885879628445     
  0.79826242550053639     
  0.79840978921488459     
  0.79799637778086396     
  0.79853632745584457     
  0.79819075331431733     
  0.79841052361326859     
  0.79859021543151598     
  0.79881093221443478     
  0.79876005364435099     
  0.79901584049336605     
  0.79854903145082834     
  0.79838832771337975     
  0.79822489638120531     
  0.79834662015527935     
  0.79835830655121909     
  0.79801387193857698     
  0.79826572920326000     
  0.79817590634999502     
  0.79832937349249533     
  0.79829604101618701     
  0.79846608703218336     
  0.79802957535676744     
  0.79834889944222653     
  0.79791253519809657     
  0.79885902714844692     
  0.79849615414070219     
  0.79848828443210640     
  0.79880818586662850     
  0.79835783175415187     
  0.79821949450176799     
  0.79818234625835560     
  0.79812157871215728     
  0.79823412422375439     
  0.79817951303412338     
  0.79821787198481331     
  0.79835085530382610     
  0.79825957232505107     
  0.79823189001247274     
  0.79832376311136544     
  0.79830931179111375     
  0.79858859749046529     
  0.79826052130306990     
  0.79852939222336128     
  0.79871273838614254     
  0.79852328717266630     
  0.79811327660691644     
  0.79803368909780314     
  0.79819441333339736     
  0.79817779490112017     
  0.79817409091877578     
  0.79819511016088329     
  0.79794526325721293     
  0.79795145438489090     
  0.79810246401825791     
  0.79836147272121583     
  0.79853407726329750     
  0.79797554333000231     
  0.79829367008761198     
  0.79835680402890519     
  0.79854192715585615     
  0.79846560372585074     
  0.79836191613362939     
  0.79830007931493763     
  0.79824873497785820     
  0.79844264603174975     
  0.79842032988877476     
  0.79818247265110587     
  0.79853340876826440     
  0.79808457685865064     
  0.79818897237803976     
  0.79844200450015768     
  0.79812692700516563     
  0.79872839140802210     
  0.79847430271767972     
  0.79823538181068654     
  0.79831594477351342     
  0.79840667147045796     
  0.79823778280412117     
  0.79845456443311591     
  0.79833845549898430     
  0.79871452974572377     
  0.79830493035616656     
  0.79820767502889522     
  0.79802259355560434     
  0.79823086739114812     
  0.79819831835126454     
  0.79828912452932799     
  0.79840842190155425     
  0.79846964691434252     
  0.79854826130053824     
  0.79844278573464211     
  0.79828268984370543     
  0.79804873149857813     
  0.79797387567989886     
  0.79809868831649045     
  0.79827692923140547     
  0.79805715715418057     
  0.79812036247071394     
  0.79812379506697118     
  0.79812714723784495     
  0.79831340434049025     
  0.79811455309321189     
  0.79827084987735186     
  0.79877433865417358     
  0.79859139135060786     
  0.79819446519595683     
  0.79811999754336693     
  0.79806863795636118     
  0.79822632316119335     
  0.79817567223387964     
  0.79822894123621924     
  0.79846331658051428     
  0.79820816577951648     
  0.79849077324704099     
  0.79846774254785702     
  0.79896782098339414     
  0.79871798296671448     
  0.79828782087877870     
  0.79827771934996794     
  0.79817445338238524     
  0.79844278938617264     
  0.79809012455371287     
  0.79847912376243957     
  0.79850476987215879     
  0.79853967051717978     
  0.79839737239914199     
  0.79850326800883675     
  0.79839328719096248     
  0.79838667441091771     
  0.79862434582660280     
  0.79839254404914273     
  0.79855693557680552     
  0.79837912675562595     
  0.79818922173180784     
  0.79836906281755771     
  0.79818406868316716     
  0.79852700634484508     
  0.79825802401856139     
  0.79853253056864826     
  0.79808125555053722     
  0.79812690113192630     
  0.79845830712703403     
  0.79839900444458178     
  0.79822684099821317     
  0.79806626092208177     
  0.79798977738730670     
  0.79850040098237041     
  0.79851724828840798     
  0.79887322182880371     
  0.79852707076335117     
  0.79845767827310832     
  0.79833522502212917     
  0.79833717003570004     
  0.79818562158160300     
  0.79822367568891484     
  0.79804586183278958     
  0.79824562372204599     
  0.79861128746390253     
  0.79852497552080437     
  0.79830968592515572     
  0.79805324263934230     
  0.79826351398956619     
  0.79819506761744463     
  0.79832865676533982     
  0.79849334306514497     
  0.79865972401677621     
  0.79861259515439098     
  0.79864739508277960     
  0.79844682293119873     
  0.79875085638188825     
  0.79845665609158178     
  0.79852679570075225     
  0.79835194832525991     
  0.79838826907814064     
  0.79825026314404601     
  0.79853621096793514     
  0.79815983211072439     
  0.79820705950036497     
  0.79838552637073701     
  0.79828570264384535     
  0.79835879493253781     
  0.79843879379962956     
  0.79836202256125877     
  0.79857849340882414     
  0.79852082666972535     
  0.79834572710961027     
  0.79838488755083725     
  0.79829557901890680     
  0.79863123913931588     
  0.79844602970018896     
  0.79831027680348854     
  0.79839191798715148     
  0.79830515259199797     
  0.79835455816875556     
  0.79836569391597445     
  0.79861649264823553     
  0.79875539603415069     
  0.79830157498694387     
  0.79834427012112030     
  0.79839719290801558     
  0.79808753841265867     
  0.79849299761819958     
  0.79874094019016351     
  0.79821150630041482     
  0.79816921358450577     
  0.79829317410397338     
  0.79820869441810371     
  0.79833354908175602     
  0.79830643921643141     
  0.79876432388753260     
  0.79834761570493995     
  0.79819003709636316     
  0.79810693953651979     
  0.79821388336599175     
  0.79872637795413548     
  0.79789201696100231     
  0.79804043496828303     
  0.79848530200638035     
  0.79820706430266497     
  0.79834590534868122     
  0.79800639612707025     
  0.79808466610597861     
  0.79775252935038365     
  0.79831571601565410     
  0.79813501150333266     
  0.79808185162007972     
  0.79822875536539084     
  0.79830338427760239     
  0.79825540030749620     
  0.79806244566985440     
  0.79897445538258294     
  0.79852214599970983     
  0.79861904043755094     
  0.79800597707004983     
  0.79794412845961504     
  0.79846420789675276     
  0.79825368129495800     
  0.79801286386259263     
  0.79816324088387458     
  0.79824183449586106     
  0.79817360073769994     
  0.79820108537929046     
  0.79811324682170237     
  0.79848089649759624     
  0.79787535652437303     
  0.79812934940672864     
  0.79828242793195447     
  0.79820334273830407     
  0.79845131186380380     
  0.79840430409062835     
  0.79802938897742348     
  0.79823617297317784     
  0.79823882663863654     
  0.79806702644963923     
  0.79819921953669348     
  0.79847367030641903     
  0.79842118989372413     
  0.79810405410686858     
  0.79827601931814385     
  0.79816974592489520     
  0.79853801671809677     
  0.79860367426409640     
  0.79801305141659218     
  0.79844183271162028     
  0.79817084789630111     
  0.79811013324195601     
  0.79823899261541564     
  0.79836750974320325     
  0.79848279832423685     
  0.79840503722555245     
  0.79821149713066641     
  0.79796236321747893     
  0.79812720150863226     
  0.79815599068354159     
  0.79846860034690781     
  0.79811643765266227     
  0.79840741381366964     
  0.79847700009028899     
  0.79825617349467481     
  0.79807789679553054     
  0.79809396322303516     
  0.79828014041616357     
  0.79838103444325026     
  0.79823023925969461     
  0.79856002646287849     
  0.79819808667697856     
  0.79808484002388069     
  0.79811021724951015     
  0.79819223187979849     
  0.79809299245000920     
  0.79818630509975663     
  0.79834718145532524     
  0.79847494201222668     
  0.79841880633837159     
  0.79824797741889864     
  0.79861702682907842     
  0.79824167532342727     
  0.79855040460063886     
  0.79823341204145548     
  0.79838429090643914     
  0.79830205966398138     
  0.79789144951800683     
  0.79796552279536914     
  0.79807086236954716     
  0.79835496511771975     
  0.79789339381741486     
  0.79765879718596855     
  0.79807874706651782     
  0.79794170582604906     
  0.79818194405250775     
  0.79820703202963461     
  0.79816742138742836     
  0.79813654746380380     
  0.79818392269639038     
  0.79810612752050891     
  0.79829149829551216     
  0.79861699939312747     
  0.79852158696784725     
  0.79835289389822339     
  0.79862364714643608     
  0.79823146214653151     
  0.79858129309645121     
  0.79816611962110062     
  0.79861278019480497     
  0.79815768048026769     
  0.79813197640154809     
  0.79787320525427285     
  0.79806380267796784     
  0.79796465675016737     
  0.79786054732654588     
  0.79803521012970746     
  0.79801726987695010     
  0.79825880507141622     
  0.79798787482358335     
  0.79808921250293696     
  0.79796274140373613     
  0.79812933418757948     
  0.79804776893484386     
  0.79792643294835897     
  0.79819557482200620     
  0.79802072315963135     
  0.79803654805435054     
  0.79847371833055103     
  0.79829844175041831     
  0.79827407776011883     
  0.79858997396538456     
  0.79834902189936063     
  0.79814208137986986     
  0.79799973098389088     
  0.79810098586954936     
  0.79812192145847494     
  0.79809610184095059     
  0.79824684447935879     
  0.79807371637949143     
  0.79789443132549509     
  0.79847433935821210     
  0.79844819275693280     
  0.79867025280615844     
  0.79867878684343940     
  0.79832325024349404     
  0.79804704021096240     
  0.79830845254908955     
  0.79827737654481612     
  0.79813373092752327     
  0.79835800251169986     
  0.79802438749404492     
  0.79793232790016133     
  0.79836032413779723     
  0.79843314443402558     
  0.79816020457769910     
  0.79822309256080703     
  0.79821368809830373     
  0.79794502176020377     
  0.79815678988760130     
  0.79811795127005725     
  0.79821435048288836     
  0.79794830555999385     
  0.79826379826099403     
  0.79807487862039261     
  0.79841687557207885     
  0.79826814550745651     
  0.79817602756945560     
  0.79808016660845016     
  0.79844428878102613     
  0.79794205874209212     
  0.79820262133148034     
  0.79801148215860496     
  0.79805256718838169     
  0.79838329253668217     
  0.79839747505315795     
  0.79829585501018785     
  0.79868207343150321     
  0.79794991271482596     
  0.79810707873211395     
  0.79852002881588136     
  0.79839449631521842     
  0.79827580753584604     
  0.79832133990766652     
  0.79828460407492519     
  0.79823865271425232     
  0.79886896519629358     
  0.79862869996493557     
  0.79876081436137825     
  0.79854570452688056     
  0.79815498699216858     
  0.79846421191268335     
  0.79826436201699846     
  0.79824735986960893     
  0.79813063828819286     
  0.79825169269869500     
  0.79819059040177220     
  0.79819978833743765     
  0.79802263466244383     
  0.79824268561224798     
  0.79837943606932882     
  0.79798616486938290     
  0.79774327161988789     
  0.79819062503450833     
  0.79781799990028335     
  0.79838181038044287     
  0.79839521727744622     
  0.79839953194768920     
  0.79847835700845071     
  0.79831858744657258     
  0.79782926255192932     
  0.79795917108549719     
  0.79796600372876125     
  0.79833534969448661     
  0.79818470235624572     
  0.79806832744476641     
  0.79813841008056319     
  0.79819238021142846     
  0.79847552532782662     
  0.79844466910315315     
  0.79837183023119151     
  0.79821725410206457     
  0.79835376742131781     
  0.79807829694996135     
  0.79796377155459774     
  0.79819023162220959     
  0.79793703178302844     
  0.79803827510962111     
  0.79808475544794322     
  0.79787671502164026     
  0.79806690084481291     
  0.79820088034315428     
  0.79768804494035261     
  0.79789765909294763     
  0.79829023861294102     
  0.79842929255015549     
  0.79834650501099802     
  0.79795438952593511     
  0.79811886346345562     
  0.79792400370672756     
  0.79808838179967556     
  0.79829103771191445     
  0.79789479490283821     
  0.79793117930372714     
  0.79812015755901156     
  0.79785292212553882     
  0.79832063472405568     
  0.79806914195987999     
  0.79827705732545828     
  0.79811217571267923     
  0.79840550390750953     
  0.79837601250152990     
  0.79839391537794679     
  0.79774014690490758     
  0.79806544401592561     
  0.79869622088251757     
  0.79846521954425587     
  0.79812997419075715     
  0.79823018781503063     
  0.79806333746696301     
  0.79825738145221181     
  0.79853614229506453     
  0.79837520869345469     
  0.79867143424278242     
  0.79850103814063389     
  0.79855990036714619     
  0.79870078879995599     
  0.79816959874975690     
  0.79855809021277357     
  0.79839094786623088     
  0.79842501782614927     
  0.79839400236654212     
  0.79865827316519244     
  0.79823141776298445     
  0.79826282427698503     
  0.79859010995084445     
  0.79833166943566203     
  0.79829112495202692     
  0.79829421431423331     
  0.79812331591637686     
  0.79787753787226878     
  0.79505562844872069     
  0.79526747546280108     
  0.79545678104580331     
  0.79550623963409806     
  0.79533652714141856     
  0.79542153013421046     
  0.79517262378975861     
  0.79509091843563029     
  0.79518792811351480     
  0.79529178338132467     
  0.79530347683931746     
  0.79501612904658869     
  0.79469408675163311     
  0.79520747702236150     
  0.79513144855482265     
  0.79533409719276560     
  0.79517876733531812     
  0.79507378590519417     
  0.79514108159926211     
  0.79488046784702382     
  0.79503872613092041     
  0.79502652705545740     
  0.79512176307367743     
  0.79504944374694264     
  0.79513815113070263     
  0.79504131290772773     
  0.79512046754555332     
  0.79493936552217026     
  0.79503100399866089     
  0.79505022439343009     
  0.79481319331197819     
  0.79495908540765881     
  0.79505138950422238     
  0.79515479702433356     
  0.79471852276392374     
  0.79490531351085880     
  0.79492279512827113     
  0.79484502355744413     
  0.79456801676055022     
  0.79496454866018440     
  0.79498602212917557     
  0.79522735946860923     
  0.79491551110084391     
  0.79552721159500706     
  0.79538236443556709     
  0.79504402359911863     
  0.79509005872617999     
  0.79508145398415520     
  0.79503889862497046     
  0.79491502146277215     
  0.79535637870483711     
  0.79484641038848547     
  0.79494179507731910     
  0.79537655394844831     
  0.79529576630616716     
  0.79494977744447526     
  0.79508008617130144     
  0.79506056687874027     
  0.79506839930683426     
  0.79524630814304775     
  0.79517132994968431     
  0.79573184397901930     
  0.79511845332605746     
  0.79488059067202643     
  0.79511410907495317     
  0.79494693533874394     
  0.79473396203617952     
  0.79526932346805790     
  0.79534783587667202     
  0.79500899995375762     
  0.79499186694084245     
  0.79508616212762306     
  0.79507958721971872     
  0.79502446738088939     
  0.79475660921683500     
  0.79501799331673983     
  0.79511415958473974     
  0.79476364859665372     
  0.79503006898480533     
  0.79506743848194328     
  0.79492394858278093     
  0.79525093507964462     
  0.79506176199482947     
  0.79507747407304952     
  0.79515090509744724     
  0.79505697235176886     
  0.79505091088660618     
  0.79476009971223105     
  0.79535367629408460     
  0.79509409610293380     
  0.79523904296868353     
  0.79524920717934866     
  0.79471524604106558     
  0.79479751008116184     
  0.79526949894308141     
  0.79515847637222847     
  0.79520218438515922     
  0.79547307707574622     
  0.79515996215302620     
  0.79524361727192105     
  0.79537285147423831     
  0.79508065214238366     
  0.79504116377169742     
  0.79500694009927197     
  0.79499985613426805     
  0.79506652024099067     
  0.79504084599737557     
  0.79499101587496523     
  0.79501585555849619     
  0.79498721333829925     
  0.79530631435901455     
  0.79492949678270908     
  0.79525679100811331     
  0.79510409875771559     
  0.79474867534649418     
  0.79479421019228813     
  0.79494264923941660     
  0.79504895172725598     
  0.79503705196347407     
  0.79510956889722451     
  0.79516503697646490     
  0.79521849023967350     
  0.79511575295251391     
  0.79516948306777024     
  0.79486136308169875     
  0.79491028485949244     
  0.79526941861407496     
  0.79479878808950732     
  0.79531661340169946     
  0.79500389207286770     
  0.79520601963967041     
  0.79496553650938540     
  0.79492355773557533     
  0.79489703548990676     
  0.79502047855218350     
  0.79497885674780866     
  0.79477588355225282     
  0.79531368933877600     
  0.79517379030652335     
  0.79502935934542873     
  0.79504698062792900     
  0.79504926935153231     
  0.79512703454572531     
  0.79528362547303477     
  0.79525245153630919     
  0.79498185344789785     
  0.79517231484736473     
  0.79507988999372448     
  0.79514641391158791     
  0.79485003806121779     
  0.79502321067428028     
  0.79494474235684620     
  0.79498991183346190     
  0.79531118396560030     
  0.79504320958552699     
  0.79502948533099227     
  0.79504577852856617     
  0.79530972631444929     
  0.79534340971839124     
  0.79517854304050917     
  0.79517870849672634     
  0.79479073962202507     
  0.79517564290203557     
  0.79511271589569621     
  0.79492144051362823     
  0.79502546230222004     
  0.79504848145356344     
  0.79523418976352289     
  0.79533023510961598     
  0.79542800649857881     
  0.79555167531091786     
  0.79572748512574809     
  0.79495056764414374     
  0.79496267947349963     
  0.79501734265060675     
  0.79517542760637394     
  0.79513024420013179     
  0.79534754936220509     
  0.79524383299674339     
  0.79535811122417688     
  0.79537273475896531     
  0.79515920879397439     
  0.79507742695098715     
  0.79526757289019401     
  0.79524964415189148     
  0.79518342822291799     
  0.79559632269452918     
  0.79536467758388329     
  0.79552946149439807     
  0.79540383448560692     
  0.79502354720582413     
  0.79518053771442909     
  0.79536954592151543     
  0.79521215834718095     
  0.79475841831915572     
  0.79533328137684800     
  0.79534972956086802     
  0.79546496994950999     
  0.79541005400047726     
  0.79562655658244286     
  0.79528279799231849     
  0.79538376803859667     
  0.79564561994357208     
  0.79533379069526577     
  0.79528177157673485     
  0.79535217121447910     
  0.79512673762538233     
  0.79543877547301212     
  0.79532150868621276     
  0.79541582984674652     
  0.79544351731662777     
  0.79548269898429880     
  0.79549631173171875     
  0.79528403682113780     
  0.79515315912957130     
  0.79503305542917924     
  0.79504893340282157     
  0.79546184922653695     
  0.79521356000584897     
  0.79521334699577151     
  0.79550006937199047     
  0.79543068299093544     
  0.79515072885443838     
  0.79490697880643424     
  0.79506711042134437     
  0.79500429064120137     
  0.79506286330305320     
  0.79525762646342102     
  0.79508530074747985     
  0.79520339378915395     
  0.79547531420436879     
  0.79546886564544128     
  0.79487581891539483     
  0.79537034928334815     
  0.79509973306695003     
  0.79509926648968721     
  0.79520207283898758     
  0.79487998524824954     
  0.79515889904578207     
  0.79555770691734295     
  0.79498649027806512     
  0.79520862532020076     
  0.79519013461455956     
  0.79529333860603790     
  0.79509760914226135     
  0.79496136645549542     
  0.79528335347211576     
  0.79553717248252487     
  0.79517764527807766     
  0.79503970488385078     
  0.79522971170678913     
  0.79519788435196048     
  0.79512315225544539     
  0.79489214403861719     
  0.79502183496332068     
  0.79512149076979399     
  0.79516761268535718     
  0.79493847117852579     
  0.79503283572416916     
  0.79475997670997245     
  0.79480468189869258     
  0.79526141149966079     
  0.79480856042102843     
  0.79484041715417253     
  0.79501995357078370     
  0.79507084836903064     
  0.79522179964036510     
  0.79522720519003753     
  0.79497471682481513     
  0.79521862573383961     
  0.79531065293709102     
  0.79499106871765846     
  0.79523283514883913     
  0.79494170627629490     
  0.79490675725667881     
  0.79502070935510150     
  0.79508300304271828     
  0.79498526369966738     
  0.79491652297451243     
  0.79517094587926485     
  0.79544113070631450     
  0.79491556098761695     
  0.79516409286605305     
  0.79514076861014482     
  0.79497569108093169     
  0.79517053886701172     
  0.79475009930129015     
  0.79520751958690905     
  0.79534471734801249     
  0.79482912606674305     
  0.79492342416770212     
  0.79486605845618030     
  0.79551013949786020     
  0.79511569313049746     
  0.79545949500498314     
  0.79531084803694196     
  0.79517085297723999     
  0.79520669920765374     
  0.79524957601372304     
  0.79528153498006304     
  0.79521709291203935     
  0.79537601872037356     
  0.79525256816226986     
  0.79524226157386546     
  0.79478300021004256     
  0.79504283007612098     
  0.79518494808327833     
  0.79522420818255124     
  0.79532979038413087     
  0.79536273407853320     
  0.79520675432973897     
  0.79507349457764276     
  0.79516440530894439     
  0.79515142236214698     
  0.79519110796065329     
  0.79513117143269985     
  0.79497591794338218     
  0.79482138205425845     
  0.79521929434824468     
  0.79541178321779127     
  0.79510925195020865     
  0.79509656924263450     
  0.79538105248652557     
  0.79528863922192006     
  0.79505638391651645     
  0.79519523312419682     
  0.79510326348412153     
  0.79467783372000778     
  0.79499127718524765     
  0.79473821780204024     
  0.79499084352489491     
  0.79509179776964634     
  0.79506577766133202     
  0.79521971724068874     
  0.79486784852631553     
  0.79524529142571154     
  0.79552668467393306     
  0.79524675094380515     
  0.79487477764487624     
  0.79548908002783980     
  0.79524762578433605     
  0.79473767058889910     
  0.79534903423673053     
  0.79521786630321556     
  0.79492327537416041     
  0.79499330068086382     
  0.79505660645486020     
  0.79510054131405139     
  0.79510230716832653     
  0.79482207012750361     
  0.79491201493113517     
  0.79527238593602423     
  0.79521781062566732     
  0.79503985378571107     
  0.79482797528011728     
  0.79516869239196009     
  0.79504778170006973     
  0.79499495444748358     
  0.79541880313413160     
  0.79518808046274403     
  0.79522184088383807     
  0.79505235361301974     
  0.79546262274220736     
  0.79502441156994419     
  0.79543363847834603     
  0.79516980556150652     
  0.79502298651995973     
  0.79485459537281178     
  0.79488831323368547     
  0.79521408448226250     
  0.79547647620897777     
  0.79516798753876472     
  0.79523367330092587     
  0.79530159232054942     
  0.79521658251607752     
  0.79536256133201721     
  0.79537871606801558     
  0.79521160463167906     
  0.79538196704133513     
  0.79535265086485396     
  0.79523231116530013     
  0.79536500662567067     
  0.79534620607954198     
  0.79511970687951450     
  0.79499316889253724     
  0.79492828665356630     
  0.79485062187195155     
  0.79521883681264438     
  0.79495023286167665     
  0.79499971191548691     
  0.79525651729755387     
  0.79534469255377571     
  0.79502452784429212     
  0.79541944752935900     
  0.79537060570681706     
  0.79517322335988294     
  0.79511041441859875     
  0.79512749244118164     
  0.79507754060834446     
  0.79483304515036379     
  0.79499955190675020     
  0.79495696365815749     
  0.79506549717126707     
  0.79475683452973445     
  0.79491422034162373     
  0.79482991842874096     
  0.79530034927665783     
  0.79483268857451650     
  0.79478953861189761     
  0.79493546437307960     
  0.79509266579696247     
  0.79500995358146864     
  0.79514958719275175     
  0.79499065605690222     
  0.79513369392985100     
  0.79507967122446799     
  0.79529079029032568     
  0.79518759610215950     
  0.79517699547061471     
  0.79489842471814764     
  0.79569045939950644     
  0.79509199269782627     
  0.79529755501224897     
  0.79521516202723452     
  0.79541582510113396     
  0.79529403983273927     
  0.79524376266379260     
  0.79533002352112392     
  0.79534302200287887     
  0.79526548783396711     
  0.79540686623555290     
  0.79466667892317266     
  0.79523075538046928     
  0.79560252161358691     
  0.79503229579596879     
  0.79499789450200087     
  0.79526305317494161     
  0.79521062164147349     
  0.79555597115792021     
  0.79497075391766403     
  0.79510813709555972     
  0.79529421455104510     
  0.79546313666887158     
  0.79570195039920644     
  0.79545601506359487     
  0.79540850759736526     
  0.79506991117354531     
  0.79525426138699895     
  0.79538895497882778     
  0.79519171217774343     
  0.79513307512013665     
  0.79480363982702595     
  0.79518596666436958     
  0.79512543254722146     
  0.79516548726231573     
  0.79517945823653891     
  0.79516130807289509     
  0.79524491726376478     
  0.79503381818671126     
  0.79528344073632939     
  0.79501881996698986     
  0.79516948571952883     
  0.79492821912324330     
  0.79507022062702082     
  0.79474550140560352     
  0.79515750452515332     
  0.79542441807446596     
  0.79531050532164937     
  0.79536625552421303     
  0.79555232175695223     
  0.79520104332297548     
  0.79530414961468454     
  0.79531975693950474     
  0.79557054714518383     
  0.79548016712290548     
  0.79524330526343823     
  0.79517740956886196     
  0.79539645902856837     
  0.79568556141323510     
  0.79524743012125643     
  0.79534420720603916     
  0.79551681744227731     
  0.79535964738994991     
  0.79512325095810166     
  0.79557846045102532     
  0.79554434526971773     
  0.79532312089319601     
  0.79498575403327143     
  0.79510056669765095     
  0.79529006944266778     
  0.79545790742894207     
  0.79518971817157036     
  0.79535117056022842     
  0.79530543270106202     
  0.79527591369381501     
  0.79539040834901287     
  0.79540721490824717     
  0.79541251111020028     
  0.79491849023391037     
  0.79501547142235207     
  0.79494281525916777     
  0.79477182832952398     
  0.79507355907315880     
  0.79483364174869098     
  0.79520835094318243     
  0.79498405845445419     
  0.79525102036555761     
  0.79506337816507167     
  0.79506837255395812     
  0.79510411068483799     
  0.79520240167805833     
  0.79514421678294123     
  0.79513330374275637     
  0.79555900538548285     
  0.79520197927527048     
  0.79533257612831432     
  0.79522062734002508     
  0.79479851939761015     
  0.79512778031592846     
  0.79536811538936381     
  0.79517651770931186     
  0.79499940563457538     
  0.79485566786561246     
  0.79495396175729116     
  0.79506093699092029     
  0.79512197481226277     
  0.79521437617004043     
  0.79508129355615309     
  0.79505261052567344     
  0.79545586958119896     
  0.79545219640768261     
  0.79529987125384627     
  0.79522480791382999     
  0.79524439939060454     
  0.79512523908541566     
  0.79489965231449444     
  0.79510735124022436     
  0.79518775326330227     
  0.79511512450200772     
  0.79496629047370304     
  0.79469224040725905     
  0.79464846760395091     
  0.79497171670454758     
  0.79537513098981905     
  0.79528966405161483     
  0.79546565785674705     
  0.79535577200235419     
  0.79511239763704933     
  0.79496323222900300     
  0.79516376667500754     
  0.79526496881349273     
  0.79513881085882465     
  0.79509133826613021     
  0.79533077789401685     
  0.79542900099542346     
  0.79515629249318753     
  0.79519017686782523     
  0.79513968061574158     
  0.79491785723440311     
  0.79531658715695475     
  0.79523952671642495     
  0.79519975546175525     
  0.79527018516387926     
  0.79496041974276477     
  0.79494403771111966     
  0.79540552319204594     
  0.79521726692619099     
  0.79537854513402695     
  0.79537889946054552     
  0.79543632809275866     
  0.79505538156548083     
  0.79499002289352394     
  0.79511767575356884     
  0.79529201791155868     
  0.79520996405627797     
  0.79496231264365713     
  0.79536986332833881     
  0.79527315938342558     
  0.79504595716028392     
  0.79495686539087562     
  0.79472868859671097     
  0.79529926581116339     
  0.79530645236580089     
  0.79521536357513067     
  0.79493418054457277     
  0.79522849357088976     
  0.79512501613014153     
  0.79517686125670506     
  0.79526601627794102     
  0.79506576785340199     
  0.79500043482463967     
  0.79507232065692290     
  0.79484442802971145     
  0.79539472924232169     
  0.79491661238857214     
  0.79545257599143004     
  0.79502623911364367     
  0.79476767151661309     
  0.79474962170169261     
  0.79481051904890310     
  0.79503653532830976     
  0.79488173337065648     
  0.79518230666136092     
  0.79521455789945750     
  0.79522602307401402     
  0.79554200215632975     
  0.79513128314485781     
  0.79497317811077484     
  0.79530143890460925     
  0.79503451841586947     
  0.79552272132965907     
  0.79509575952111122     
  0.79491659012095939     
  0.79516707852723145     
  0.79559354653284620     
  0.79528275243197033     
  0.79505327693773553     
  0.79492750438218163     
  0.79500602210533733     
  0.79479052227967739     
  0.79505392413655174     
  0.79504343828020263     
  0.79515760355570986     
  0.79509740144059005     
  0.79508432967382991     
  0.79492295963676241     
  0.79516003656866596     
  0.79503244711747056     
  0.79562332731160323     
  0.79534615007283205     
  0.79512680633064614     
  0.79490655285685807     
  0.79518393174371260     
  0.79510143768302666     
  0.79513278162255052     
  0.79516571981805739     
  0.79490102652573458     
  0.79472192746232517     
  0.79523911000342840     
  0.79496479391188812     
  0.79486217929723979     
  0.79529076452423775     
  0.79505895667982673     
  0.79509533013241163     
  0.79552588013780967     
  0.79508619820129400     
  0.79504193476910767     
  0.79522116424963285     
  0.79496010002730855     
  0.79489960975383711     
  0.79508942270518834     
  0.79527542757645042     
  0.79530856203437539     
  0.79508993131291206     
  0.79493079991448068     
  0.79534168472026745     
  0.79496974975968315     
  0.79516466593727231     
  0.79495450204634732     
  0.79528778426810010     
  0.79521947222048306     
  0.79547271919596474     
  0.79530547321846068     
  0.79504053066309222     
  0.79509407210090000     
  0.79506272191369254     
  0.79535775276013621     
  0.79513920574828167     
  0.79512788921708155     
  0.79526813502590843     
  0.79545237462418883     
  0.79549801152213495     
  0.79516794115429446     
  0.79547757571473943     
  0.79500364449726801     
  0.79531153396325804     
  0.79548753061451294     
  0.79489706667394899     
  0.79548997930574683     
  0.79507132864388130     
  0.79508934437163714     
  0.79515517019118065     
  0.79526065822967562     
  0.79547461995139046     
  0.79531032656432576     
  0.79525674064031060     
  0.79494495943004695     
  0.79493230646392155     
  0.79502800597882028     
  0.79495551289669275     
  0.79517642955079426     
  0.79500229073295825     
  0.79514374875658977     
  0.79495666521154162     
  0.79488053604860065     
  0.79521402921285689     
  0.79476352059329192     
  0.79509881317495290     
  0.79494936268047500     
  0.79485508110683822     
  0.79534267785979607     
  0.79506992403219412     
  0.79526846302864018     
  0.79499839173237064     
  0.79513271636469662     
  0.79539059640438015     
  0.79484373716226098     
  0.79513274089927333     
  0.79512142511859807     
  0.79542895805019664     
  0.79532547885408900     
  0.79476010984579093     
  0.79537209381022678     
  0.79524841032031768     
  0.79529447933257158     
  0.79561114280634171     
  0.79495920289215549     
  0.79502686279664758     
  0.79502058373679174     
  0.79518851596725182     
  0.79500029304454645     
  0.79557857438809421     
  0.79508023452195675     
  0.79512725763689363     
  0.79565824305971788     
  0.79565616683949358     
  0.79539114417911894     
  0.79513422254421018     
  0.79521286298790717     
  0.79513337342954515     
  0.79526640802467086     
  0.79516483754986889     
  0.79494721220392617     
  0.79536525410561498     
  0.79523687750417116     
  0.79566658840055582     
  0.79543450309046060     
  0.79532903921627152     
  0.79524268032087408     
  0.79511184724031236     
  0.79535539911370878     
  0.79564696563340409     
  0.79542774046982045     
  0.79527041865947590     
  0.79525821163497568     
  0.79517154938524370     
  0.79500745762988201     
  0.79533875741000959     
  0.79519018385684215     
  0.79476249397323440     
  0.79512799615578333     
  0.79525511021382100     
  0.79506833223698936     
  0.79515487846701594     
  0.79496813414414902     
  0.79501136750428369     
  0.79492986590225367     
  0.79506585123115470     
  0.79512074484633699     
  0.79541021249645449     
  0.79542947511494133     
  0.79505141032418636     
  0.79517624615764815     
  0.79508403521340343     
  0.79528575856869888     
  0.79501474887640755     
  0.79507406250568480     
  0.79506360950445787     
  0.79493262725768599     
  0.79537115299093453     
  0.79551860114318174     
  0.79525953631262358     
  0.79496467415568561     
  0.79526314305626944     
  0.79491205847109003     
  0.79506604181882379     
  0.79507389781667626     
  0.79517454049167247     
  0.79513624105020964     
  0.79502130109221059     
  0.79496578217811242     
  0.79511649911904780     
  0.79534088610248177     
  0.79535399199011336     
  0.79499460722274562     
  0.79481025438141872     
  0.79510883327708015     
  0.79517058186044243     
  0.79493912416507073     
  0.79513912676477061     
  0.79518964059594222     
  0.79539985959052961     
  0.79484081685381835     
  0.79482218666200966     
  0.79517246608740522     
  0.79508903185608948     
  0.79522027713063892     
  0.79478048473663709     
  0.79465299327990957     
  0.79496017111741946     
  0.79488191532273222     
  0.79519230502025939     
  0.79513491561374194     
  0.79506100407114000     
  0.79481020852069917     
  0.79507517275371753     
  0.79495481169950877     
  0.79503201857235373     
  0.79479075561995804     
  0.79515315543319265     
  0.79520776312588082     
  0.79487903269631710     
  0.79498819793370989     
  0.79484107183839059     
  0.79509944595950399     
  0.79466517954769611     
  0.79500916969328406     
  0.79481313043030211     
  0.79484620314619048     
  0.79483552417590930     
  0.79472929663171277     
  0.79468501983906226     
  0.79504133083596773     
  0.79477080343047302     
  0.79488912652940458     
  0.79523477762178163     
  0.79517279039997846     
  0.79507886263461558     
  0.79515930737100948     
  0.79502901748003540     
  0.79507228313999878     
  0.79514378101125249     
  0.79480845386748655     
  0.79511347808058574     
  0.79528244439822382     
  0.79488765152576901     
  0.79461195183680255     
  0.79467120220799137     
  0.79491362822954625     
  0.79481490320206549     
  0.79507385458640589     
  0.79529186493148740     
  0.79514898218340102     
  0.79494417755292668     
  0.79499381924583801     
  0.79516618582325349     
  0.79535248940510872     
  0.79529164265353602     
  0.79505881262003153     
  0.79478175238641224     
  0.79542063141351538     
  0.79502381675105216     
  0.79500461192914362     
  0.79490528636880398     
  0.79513597619332954     
  0.79533872653803372     
  0.79517985213187903     
  0.79548266590299521     
  0.79535997413859894     
  0.79500886221625489     
  0.79536080529728348     
  0.79537281864652032     
  0.79540598142767427     
  0.79519819807096126     
  0.79525778277766546     
  0.79503103673305409     
  0.79532943351913044     
  0.79541035654002501     
  0.79504295582739393     
  0.79502694256334450     
  0.79537849539621430     
  0.79527986603484957     
  0.79513923178247226     
  0.79527291835300995     
  0.79469564294621764     
  0.79516820780477471     
  0.79507374547045173     
  0.79512021027633795     
  0.79496758018049507     
  0.79492672916531237     
  0.79473474827327439     
  0.79511443587073760     
  0.79508518529410399     
  0.79525956185269864     
  0.79520038332312470     
  0.79500286769997797     
  0.79500421681303890     
  0.79500770959055100     
  0.79488311573581105     
  0.79504607297599761     
  0.79531179722433398     
  0.79507467626908868     
  0.79520577749164900     
  0.79507634028222129     
  0.79513295013634444     
  0.79503164573024732     
  0.79485258677516313     
  0.79498550398040790     
  0.79503738738170115     
  0.79541016377034579     
  0.79534269813513347     
  0.79540456774325452     
  0.79492374004577659     
  0.79488230961464912     
  0.79521248522230692     
  0.79521229464229792     
  0.79555790956129979     
  0.79509011557741582     
  0.79468482117189210     
  0.79494808135770723     
  0.79500294124537429     
  0.79516374973087001     
  0.79491913816111737     
  0.79486526246611044     
  0.79536385255538589     
  0.79504673527766401     
  0.79490614983163799     
  0.79495618732463169     
  0.79487629553240668     
  0.79515332488480606     
  0.79478143643472121     
  0.79492407825795852     
  0.79483344835501990     
  0.79455942679086400     
  0.79470407966438628     
  0.79481599933234537     
  0.79498712412995109     
  0.79549889428496068     
  0.79495942271218378     
  0.79491287553711099     
  0.79517840924787675     
  0.79506921373162232     
  0.79499241784755381     
  0.79486462662034629     
  0.79464457087741491     
  0.79492474157169102     
  0.79529119827970018     
  0.79512489805084785     
  0.79517434780480878     
  0.79502865941977841     
  0.79499778345817729     
  0.79514424657886051     
  0.79530444623296404     
  0.79483856289439614     
  0.79516512490521185     
  0.79492905778739098     
  0.79500884788507298     
  0.79500919275101511     
  0.79513133044872775     
  0.79530632942217894     
  0.79520212926051681     
  0.79505871529980110     
  0.79507038021347409     
  0.79525149031871367     
  0.79521300687324026     
  0.79528358918700282     
  0.79502067032178203     
  0.79506886697509815     
  0.79490627705992334     
  0.79480921877554922     
  0.79522010338843596     
  0.79499455327209501     
  0.79502195973743550     
  0.79519822551033459     
  0.79541636023662377     
  0.79541433604590028     
  0.79497021851672434     
  0.79517140262465291     
  0.79514907633715737     
  0.79503739736892443     
  0.79526623750038861     
  0.79528621078289674     
  0.79516252823359579     
  0.79498718276739622     
  0.79468783460143999     
  0.79496871410730618     
  0.79490663962782226     
  0.79491361970886454     
  0.79482921630357584     
  0.79526135939450260     
  0.79538750038894646     
  0.79497668637853069     
  0.79495090092383236     
  0.79522050826929913     
  0.79519192696131880     
  0.79525456888237001     
  0.79518306865457700     
  0.79530560475597090     
  0.79531198112810886     
  0.79512913383729544     
  0.79503136968680499     
  0.79497766079858900     
  0.79511832024248075     
  0.79502059577275253     
  0.79524559685217444     
  0.79498683033340167     
  0.79508101772944562     
  0.79530765103720424     
  0.79538807597330385     
  0.79535663554192826     
  0.79535726597702872     
  0.79534958669192946     
  0.79525121208031324     
  0.79521081904980295     
  0.79532725668932036     
  0.79518395890421201     
  0.79487786638987745     
  0.79506682491188552     
  0.79506628651709876     
  0.79530446640259056     
  0.79540882437844229     
  0.79514898360328257     
  0.79516622787803759     
  0.79540873408601598     
  0.79532930064890694     
  0.79541438446005719     
  0.79524121623120625     
  0.79547369511174859     
  0.79540657970089224     
  0.79548439113505764     
  0.79519048286034422     
  0.79511444942079790     
  0.79496227727616842     
  0.79472597670923018     
  0.79515655085124726     
  0.79500881551702596     
  0.79485479095253542     
  0.79512637026185329     
  0.79485768884927255     
  0.79490980222106544     
  0.79506326401695149     
  0.79486849563396744     
  0.79529712196001623     
  0.79546174225799571     
  0.79515625182426231     
  0.79494005480417296     
  0.79510150167604265     
  0.79523126138310418     
  0.79566040834316765     
  0.79529410536176415     
  0.79496107134196892     
  0.79507921975853446     
  0.79484688592295649     
  0.79501226996867080     
  0.79509626873765749     
  0.79543481149740058     
  0.79503549350987768     
  0.79507987880716091     
  0.79510516034762579     
  0.79495879809603209     
  0.79499661955099599     
  0.79504670871216121     
  0.79483466405567771     
  0.79507927018019930     
  0.79492419471866582     
  0.79544624844715717     
  0.79480889381525555     
  0.79527572469786434     
  0.79504335784075120     
  0.79494283615645822     
  0.79516516615142219     
  0.79531568271393593     
  0.79471149905399019     
  0.79521463873502196     
  0.79496613636497426     
  0.79494734777278153     
  0.79506619699827386     
  0.79502049634486471     
  0.79523102033371185     
  0.79499398644180730     
  0.79497012929596278     
  0.79513484611950491     
  0.79489219432854186     
  0.79465925655480774     
  0.79485012407072164     
  0.79469324167508604     
  0.79483117592733965     
  0.79498904775402823     
  0.79475470463247244     
  0.79518065963854834     
  0.79502000584416566     
  0.79504148783064521     
  0.79490079224915311     
  0.79512318468854271     
  0.79505853607164068     
  0.79504640858640641     
  0.79507105815822599     
  0.79507236823899974     
  0.79500668272267749     
  0.79479729948955413     
  0.79478972201688980     
  0.79502133303896871     
  0.79512260666102974     
  0.79522280625725261     
  0.79540469906888844     
  0.79518898835104279     
  0.79491677821348294     
  0.79538194187745515     
  0.79508509723902565     
  0.79472384868108226     
  0.79488043080631188     
  0.79488197927587489     
  0.79483743863604639     
  0.79544816536389762     
  0.79519338123119598     
  0.79473118399880815     
  0.79493726471396242     
  0.79509569357451670     
  0.79451343716378586     
  0.79489106380900565     
  0.79500152268010327     
  0.79523789931052080     
  0.79485940081857465     
  0.79490196095529142     
  0.79494327412420607     
  0.79501643867255767     
  0.79492118813990331     
  0.79484528869587923     
  0.79512639714666578     
  0.79497776921990992     
  0.79496748366882963     
  0.79463855864100208     
  0.79482582930255030     
  0.79546429824804488     
  0.79491656297960134     
  0.79481150133950240     
  0.79482442113818041     
  0.79514893716863966     
  0.79466061922031406     
  0.79487596488129308     
  0.79516360595171931     
  0.79521034951373082     
  0.79488303965599161     
  0.79468833494988000     
  0.79496213909818680     
  0.79497647284556416     
  0.79500620969600988     
  0.79514738230679294     
  0.79502097039139907     
  0.79501424349541272     
  0.79521441513914426     
  0.79488088169288840     
  0.79497842084933945     
  0.79483363493814219     
  0.79509975846178038     
  0.79525913244537028     
  0.79498823220586801     
  0.79519239307136214     
  0.79500664562643675     
  0.79537472568922363     
  0.79529375837406002     
  0.79525440678138171     
  0.79523073745142825     
  0.79528802155211853     
  0.79512198346064766     
  0.79554611515853568     
  0.79520784689158375     
  0.79506468126489938     
  0.79506234979924284     
  0.79504298233767312     
  0.79522524646033066     
  0.79477414829070026     
  0.79477765513694565     
  0.79504696348153903     
  0.79491743899284162     
  0.79546018379360783     
  0.79495688226088190     
  0.79525099620236006     
  0.79492508393977557     
  0.79506379743515909     
  0.79471097835473403     
  0.79490008629899089     
  0.79506787936085066     
  0.79506984332675623     
  0.79510446046221228     
  0.79496388323236344     
  0.79521727758280958     
  0.79490703269045571     
  0.79504930801834928     
  0.79487020716977042     
  0.79499474375478552     
  0.79491213581102771     
  0.79505120144723262     
  0.79496437223018146     
  0.79533224999433916     
  0.79524656424610241     
  0.79510388189928360     
  0.79500687219603616     
  0.79488878953190134     
  0.79506849082207243     
  0.79510087130536145     
  0.79479025295030492     
  0.79488570388407220     
  0.79466277957433762     
  0.79501105953467743     
  0.79467926491329821     
  0.79496379633713421     
  0.79483218771325337     
  0.79529113997802481     
  0.79502499479503808     
  0.79469533255013292     
  0.79532101894703788     
  0.79479526300459968     
  0.79473338362350998     
  0.79491974424483292     
  0.79511605769927030     
  0.79521295218346222     
  0.79489688940300252     
  0.79518645744795324     
  0.79523317206992583     
  0.79526618999295151     
  0.79511519769093042     
  0.79532039312910119     
  0.79533375151385344     
  0.79570108432960995     
  0.79541688383589015     
  0.79502142336395165     
  0.79526156307647600     
  0.79534315699430191     
  0.79488778450572839     
  0.79508884677491765     
  0.79533222731908826     
  0.79521438651323928     
  0.79498882482969424     
  0.79461749871562704     
  0.79466025276234364     
  0.79487211681130698     
  0.79510087804516016     
  0.79502880579332347     
  0.79536419890860255     
  0.79495442814551709     
  0.79481827613300904     
  0.79504176294215345     
  0.79523350056314246     
  0.79535048287832766     
  0.79529146193106892     
  0.79608120095034818     
  0.79529086083262412     
  0.79530768501350424     
  0.79538507113551971     
  0.79508710748925371     
  0.79552884418539715     
  0.79550885766555213     
  0.79542861139597221     
  0.79566897665932446     
  0.79537181494317422     
  0.79518180821563855     
  0.79550370011937022     
  0.79540514736638046     
  0.79480442194428691     
  0.79524956855916817     
  0.79527470280378709     
  0.79533077228273508     
  0.79535865230647618     
  0.79538933453149152     
  0.79523708759715672     
  0.79541865802739964     
  0.79503972865089734     
  0.79516728576733586     
  0.79556643291806661     
  0.79520196976869362     
  0.79500990217498613     
  0.79509035406346995     
  0.79504669791087668     
  0.79495943209101327     
  0.79507478066547921     
  0.79524778939652341     
  0.79537503363105344     
  0.79541907073447016     
  0.79533602918396507     
  0.79533474191593301     
  0.79473001275390376     
  0.79535355364179594     
  0.79517442378810932     
  0.79531253652369382     
  0.79506690694228155     
  0.79500870824402836     
  0.79514559524858119     
  0.79504901634631564     
  0.79536116147002889     
  0.79543071946557931     
  0.79516132384519811     
  0.79546907301958114     
  0.79536601342663527     
  0.79536945737801679     
  0.79493640373030683     
  0.79510869075101842     
  0.79505199193027021     
  0.79491257027541229     
  0.79520731340304107     
  0.79513778401627289     
  0.79495903775573384     
  0.79491986594401098     
  0.79502919493539992     
  0.79502142419010435     
  0.79505103593203130     
  0.79506614382091312     
  0.79526265322890699     
  0.79533445257967128     
  0.79508521937902954     
  0.79518162092336098     
  0.79526260300926632     
  0.79525165499966588     
  0.79526467118403033     
  0.79524068907014578     
  0.79517716242997727     
  0.79543745737484284     
  0.79527188064091092     
  0.79531117389072303     
  0.79508865389491779     
  0.79547025545544159     
  0.79532371138044877     
  0.79518486639928099     
  0.79501716071975881     
  0.79501972369910334     
  0.79515027376061398     
  0.79518279567075456     
  0.79518113962310821     
  0.79478660933386036     
  0.79492344742828180     
  0.79481060290659500     
  0.79464106898018816     
  0.79485486244368186     
  0.79507513199434365     
  0.79511873133960120     
  0.79509518612386298     
  0.79505746519242304     
  0.79494553196831785     
  0.79502683720791667     
  0.79505636241304889     
  0.79493444639761013     
  0.79511524413044132     
  0.79499560407016445     
  0.79510045816697184     
  0.79538396862813709     
  0.79494312635699527     
  0.79503220612942382     
  0.79499388030975227     
  0.79546442571431331     
  0.79529524623958181     
  0.79490222834036506     
  0.79509662499349210     
  0.79533596064514755     
  0.79525695796557239     
  0.79482838811738277     
  0.79505513457479038     
  0.79492132497372736     
  0.79539672855716703     
  0.79510020549524751     
  0.79473993923021558     
  0.79509995352204332     
  0.79510708923515483     
  0.79528903553247576     
  0.79540195460379226     
  0.79532678482761243     
  0.79510985568122339     
  0.79505898874355352     
  0.79524329433254537     
  0.79507994241127788     
  0.79540234703047463     
  0.79514663630603122     
  0.79539436751307147     
  0.79521592378444739     
  0.79518833812516865     
  0.79520923964854728     
  0.79537724706022983     
  0.79503083338622327     
  0.79510162445617594     
  0.79512877592406250     
  0.79539747235857960     
  0.79526818267176691     
  0.79522475829455330     
  0.79517890148897308     
  0.79526969187266228     
  0.79532620515405372     
  0.79547578602425761     
  0.79562217784193801     
  0.79538226068622297     
  0.79541740911240200     
  0.79531775954088613     
  0.79529890329676267     
  0.79548017219911149     
  0.79506499356589988     
  0.79492541465040800     
  0.79522203567667860     
  0.79539281219318780     
  0.79507033027921803     
  0.79494785454171213     
  0.79513951407912420     
  0.79493251348423000     
  0.79518131231045930     
  0.79517450664815381     
  0.79505461506152131     
  0.79540998292741516     
  0.79543348106926060     
  0.79542039797116293     
  0.79491616586899871     
  0.79552148604155493     
  0.79490369136388861     
  0.79521458828261327     
  0.79490830235288512     
  0.79494674211036542     
  0.79502287248202241     
  0.79493167478735460     
  0.79498972851756722     
  0.79497910121312476     
  0.79510816847243726     
  0.79557342882480031     
  0.79546260318691975     
  0.79505085591271762     
  0.79502505259129430     
  0.79512975830118282     
  0.79540448673371944     
  0.79548464701012833     
  0.79529123529631396     
  0.79531419702132100     
  0.79527334034426433     
  0.79518435874327220     
  0.79541730948845812     
  0.79507587430124060     
  0.79498921850315862     
  0.79509284920843593     
  0.79508016367264378     
  0.79518427087678534     
  0.79505224951104780     
  0.79484910662033714     
  0.79478710440664235     
  0.79496753445531776     
  0.79523627825008603     
  0.79512320973809036     
  0.79525509435948005     
  0.79528944821893932     
  0.79496473203403895     
  0.79519351744198430     
  0.79535560280182338     
  0.79562702627629778     
  0.79552579375874810     
  0.79536197447316981     
  0.79531058771216445     
  0.79539182252643348     
  0.79544384358897080     
  0.79569151863792076     
  0.79502960261222255     
  0.79497114269322477     
  0.79518020539214096     
  0.79489915835482650     
  0.79522425607226122     
  0.79532415735742457     
  0.79503217135977655     
  0.79511988826480373     
  0.79526769652251106     
  0.79542497203262452     
  0.79557799303973309     
  0.79524905491319064     
  0.79513312562297445     
  0.79506285359015438     
  0.79519767581956968     
  0.79515988179773855     
  0.79502488654239400     
  0.79510854781981588     
  0.79510311386024923     
  0.79553113101802220     
  0.79571713985498438     
  0.79528948222047280     
  0.79521806226924863     
  0.79522100990489075     
  0.79520736696463024     
  0.79519690123972209     
  0.79511819021520125     
  0.79490180798668320     
  0.79514495145437114     
  0.79497988922193774     
  0.79518224516559854     
  0.79512495672056560     
  0.79505054129760966     
  0.79501967811188123     
  0.79521014957618918     
  0.79567018026877923     
  0.79515664877347947     
  0.79520956603807524     
  0.79546011357878865     
  0.79527246081938319     
  0.79544643575113438     
  0.79510538908758932     
  0.79521790503742185     
  0.79509523928953174     
  0.79495910425473182     
  0.79535017851411172     
  0.79536017308550144     
  0.79495821650242604     
  0.79506739833011753     
  0.79489572039296474     
  0.79485027176166656     
  0.79516425075648767     
  0.79498732518732229     
  0.79506978253351435     
  0.79535307172425362     
  0.79534942494165728     
  0.79529029538125784     
  0.79566040444146457     
  0.79591614998774995     
  0.79578841519678145     
  0.79544094233081797     
  0.79564450110728391     
  0.79539738290100093     
  0.79560665905794692     
  0.79492203748974744     
  0.79516520181816874     
  0.79533554090618308     
  0.79539718392715142     
  0.79524206048962409     
  0.79537500774105541     
  0.79565524605074156     
  0.79545857141218657     
  0.79553390691618586     
  0.79524226529958097     
  0.79563627493255784     
  0.79535234194793991     
  0.79571440580343866     
  0.79547769990462047     
  0.79524988111702033     
  0.79514601771336268     
  0.79534684013807311     
  0.79528108304183009     
  0.79524028187684748     
  0.79535575257375835     
  0.79518266738161902     
  0.79511451200154826     
  0.79523343639518951     
  0.79555082153525392     
  0.79517530069141285     
  0.79526121754412460     
  0.79502059682077786     
  0.79514245554492913     
  0.79548380986036304     
  0.79497237341969806     
  0.79518933091253818     
  0.79516968960813517     
  0.79532631340450566     
  0.79537474177537693     
  0.79516171654308021     
  0.79515549474255676     
  0.79522686679592025     
  0.79517132375445987     
  0.79557539815459055     
  0.79522291155223002     
  0.79522493808902539     
  0.79539805082371662     
  0.79551453975977182     
  0.79519093518787587     
  0.79536861237136836     
  0.79508651922460938     
  0.79533540537057290     
  0.79517902298316911     
  0.79533425420314119     
  0.79554086345099373     
  0.79533231399419069     
  0.79521357415587024     
  0.79527489133792528     
  0.79508167737906410     
  0.79543525058899733     
  0.79520759923272744     
  0.79490197076415370     
  0.79473052201793548     
  0.79505456557594656     
  0.79508087038394548     
  0.79525492174180745     
  0.79515517980503669     
  0.79524962046605208     
  0.79540783925080349     
  0.79533045493504173     
  0.79516437288736752     
  0.79520510715043657     
  0.79514916746749842     
  0.79472565625744607     
  0.79490201514903835     
  0.79498333121506437     
  0.79523735720779198     
  0.79540182383498093     
  0.79507811528378869     
  0.79553645989724320     
  0.79498204910493764     
  0.79510748921703078     
  0.79552012442346320     
  0.79546521528561687     
  0.79529599980742016     
  0.79546645058297438     
  0.79565337448508311     
  0.79520978400521980     
  0.79528736885034834     
  0.79545111993033135     
  0.79578001553768152     
  0.79532957046875463     
  0.79553193140359202     
  0.79526931529829037     
  0.79525415878085337     
  0.79533768845097053     
  0.79524337369579112     
  0.79539658628341425     
  0.79571184668449302     
  0.79507721688061350     
  0.79518492133131313     
  0.79541394565818690     
  0.79516956902047342     
  0.79505038139372741     
  0.79499376248142739     
  0.79505148731476027     
  0.79525678471260119     
  0.79521843159943617     
  0.79530712792120228     
  0.79555996265457618     
  0.79541424544727224     
  0.79516049957440449     
  0.79536518486869956     
  0.79544046257661905     
  0.79513807486758792     
  0.79524201981880693     
  0.79494572066138436     
  0.79508698638468611     
  0.79558286605712114     
  0.79562007861373540     
  0.79540074423387319     
  0.79542359971233878     
  0.79525957296075878     
  0.79516698278913822     
  0.79475702193334963     
  0.79495871704173016     
  0.79495606175873812     
  0.79500018240895709     
  0.79524995669557907     
  0.79472914719949417     
  0.79486227559580047     
  0.79506087529191238     
  0.79534647352251642     
  0.79531465885370578     
  0.79532272238272039     
  0.79510087530275575     
  0.79520473665817193     
  0.79505915672907923     
  0.79518017501008165     
  0.79501891159905180     
  0.79462755633607718     
  0.79480785250733055     
  0.79462761206001320     
  0.79487731546031481     
  0.79496265345686690     
  0.79513848631318795     
  0.79495282886488594     
  0.79501618108303229     
  0.79527453951487748     
  0.79499235489491182     
  0.79519356830116539     
  0.79569956419955534     
  0.79545298852768453     
  0.79546159353686985     
  0.79521411806574549     
  0.79512439416450020     
  0.79521775195150834     
  0.79568877045930153     
  0.79542963402245048     
  0.79527863481142091     
  0.79529674738250467     
  0.79512314273613027     
  0.79526599568583511     
  0.79524299379745489     
  0.79506636824126831     
  0.79527220693747003     
  0.79553741883178608     
  0.79545509340386156     
  0.79512473057605093     
  0.79528581678345911     
  0.79503613857702371     
  0.79547773530315158     
  0.79545317236207058     
  0.79492654695428033     
  0.79532867689523623     
  0.79543227569753649     
  0.79539713976449544     
  0.79515756490483225     
  0.79538919732840596     
  0.79549307811829084     
  0.79534428239954269     
  0.79555344241454917     
  0.79542364005869759     
  0.79550952665798391     
  0.79501474748641554     
  0.79491666821002016     
  0.79513080146668746     
  0.79518656726091674     
  0.79528186360203390     
  0.79529473044766941     
  0.79544010639076990     
  0.79505125862573378     
  0.79519322347064703     
  0.79496957024941750     
  0.79499545187709275     
  0.79514721407689493     
  0.79499648574746262     
  0.79492560873826934     
  0.79490723856560208     
  0.79523691311994138     
  0.79541826961997397     
  0.79472702871956202     
  0.79514978881891907     
  0.79486315637118021     
  0.79511049000824063     
  0.79478302906948162     
  0.79457534148345221     
  0.79513439302344824     
  0.79502731485300882     
  0.79516495507346885     
  0.79534179685526196     
  0.79523926149989888     
  0.79528593475109688     
  0.79517999351487934     
  0.79509292407412491     
  0.79531961703247178     
  0.79506758634223018     
  0.79517882771483184     
  0.79488038255694204     
  0.79500681375414584     
  0.79523112536046414     
  0.79516025272831614     
  0.79533776378098187     
  0.79514717804644419     
  0.79509420941576181     
  0.79516572461182722     
  0.79505458909257487     
  0.79486189294609633     
  0.79528699129152647     
  0.79499565120906024     
  0.79501704519059868     
  0.79501766772407900     
  0.79514246745287054     
  0.79516076439267391     
  0.79495507343758176     
  0.79512995820365417     
  0.79526019073548271     
  0.79527189072115145     
  0.79523209824714680     
  0.79518533315491269     
  0.79511913934165801     
  0.79511875079631511     
  0.79487645979617261     
  0.79492967547940130     
  0.79506172841647771     
  0.79527379800235465     
  0.79521269231530778     
  0.79526198991837060     
  0.79528398388676791     
  0.79531735642382062     
  0.79512818298446575     
  0.79535827790229785     
  0.79545712191496287     
  0.79521650675713351     
  0.79522124103466074     
  0.79525380614084706     
  0.79507411064443190     
  0.79485335138054036     
  0.79535373209222515     
  0.79507929877970140     
  0.79515727093936528     
  0.79510128536787550     
  0.79506036806162084     
  0.79525223266051970     
  0.79514112578624152     
  0.79532375826244850     
  0.79541335375597133     
  0.79516178167760276     
  0.79505044826749194     
  0.79513783086793344     
  0.79506971951282812     
  0.79505120092791426     
  0.79498698205104046     
  0.79498600603922509     
  0.79493597821369832     
  0.79530311866162706     
  0.79503770817264086     
  0.79501545756490610     
  0.79486936591499746     
  0.79506173041936801     
  0.79525715887777926     
  0.79525014682295458     
  0.79524452581863092     
  0.79530364945946641     
  0.79520519589399286     
  0.79557885073732237     
  0.79518705076626173     
  0.79535589362944037     
  0.79506360164583811     
  0.79509207650655411     
  0.79512602688950806     
  0.79516296094144234     
  0.79495357078905371     
  0.79527621905715051     
  0.79501716862456451     
  0.79533258644299620     
  0.79561778483536305     
  0.79546349217389534     
  0.79508443291245878     
  0.79489211429310069     
  0.79508667246085640     
  0.79536712457878112     
  0.79513538628211611     
  0.79548359761250442     
  0.79544773157967075     
  0.79505376982234210     
  0.79480564700639877     
  0.79511010798561543     
  0.79485463767626452     
  0.79486552498875285     
  0.79499945768176761     
  0.79538303013245970     
  0.79504291866647436     
  0.79497392030768255     
  0.79532223880157316     
  0.79509307235235183     
  0.79497172261955251     
  0.79526481305534080     
  0.79542990416842219     
  0.79503535930887703     
  0.79533414728123342     
  0.79511460441973436     
  0.79515707057989959     
  0.79523678067228820     
  0.79501023844127683     
  0.79518995884491506     
  0.79494381650229873     
  0.79494117937974762     
  0.79479709634971574     
  0.79511345332097161     
  0.79545578654621318     
  0.79536959956361730     
  0.79494992649062179     
  0.79506426069826786     
  0.79510478720206068     
  0.79521317613973797     
  0.79481819588517222     
  0.79540400626750662     
  0.79512864645553394     
  0.79526649234840940     
  0.79511872111407877     
  0.79556219766864233     
  0.79495196453600725     
  0.79493238812269107     
  0.79514784220734225     
  0.79536804718634035     
  0.79558975112639541     
  0.79507894204907614     
  0.79506083372854330     
  0.79471929235700134     
  0.79476146263487379     
  0.79463525887285302     
  0.79506642573140984     
  0.79503634276890511     
  0.79545665889692641     
  0.79513323777717593     
  0.79521288077667240     
  0.79525242754946934     
  0.79511983289479260     
  0.79491085422294250     
  0.79537906283098425     
  0.79489120983139971     
  0.79526077233808923     
  0.79485615849689850     
  0.79514929874753637     
  0.79497977226450689     
  0.79503892201606685     
  0.79506011087260575     
  0.79497259542593979     
  0.79502069201685699     
  0.79489231607556565     
  0.79499013079831016     
  0.79516626257833134     
  0.79548068302615538     
  0.79498955200291666     
  0.79550811131723731     
  0.79521661207170202     
  0.79480381420566448     
  0.79502993806715549     
  0.79532836102770943     
  0.79509717818577874     
  0.79527796661418326     
  0.79519723186070335     
  0.79510793203340346     
  0.79527793997127805     
  0.79518586817632186     
  0.79522820659402382     
  0.79522899648226453     
  0.79547000675014490     
  0.79547929426272423     
  0.79522590082691347     
  0.79531397595578990     
  0.79530427229562961     
  0.79522055908602562     
  0.79551454852941628     
  0.79543499944551688     
  0.79520463604717617     
  0.79552802577461112     
  0.79548732602980976     
  0.79513439022547683     
  0.79496071623637232     
  0.79505907863333425     
  0.79529375030835192     
  0.79518103657044237     
  0.79493155066638177     
  0.79520024043390525     
  0.79513408636227412     
  0.79537846033498116     
  0.79494901942647689     
  0.79512611228280672     
  0.79514711094489798     
  0.79488884708424778     
  0.79510474165505329     
  0.79494879627874215     
  0.79506840766586262     
  0.79504091550859002     
  0.79527058577700549     
  0.79496992505560948     
  0.79504597299084212     
  0.79563251733691742     
  0.79530831507607613     
  0.79515083338174330     
  0.79531972125750239     
  0.79490989120568656     
  0.79542918164039678     
  0.79504140611146379     
  0.79538653447305196     
  0.79532158006228104     
  0.79554509482624747     
  0.79517577675414097     
  0.79532495460781272     
  0.79546289187763020     
  0.79529329793321846     
  0.79522329291751803     
  0.79503834266164863     
  0.79480474043488658     
  0.79516828642873194     
  0.79531193697587155     
  0.79554970526397828     
  0.79560302741064282     
  0.79530462459326201     
  0.79516579273314036     
  0.79517416779927486     
  0.79536208055236213     
  0.79501689154124189     
  0.79524318388111970     
  0.79549820165013696     
  0.79498431399258263     
  0.79528898351857591     
  0.79550710750643039     
  0.79502255126370458     
  0.79540536879367807     
  0.79539157960411444     
  0.79493342401289735     
  0.79511577611166828     
  0.79491667672518029     
  0.79530484618768971     
  0.79530836218814760     
  0.79522257967037224     
  0.79545666677719085     
  0.79540442912157361     
  0.79535271354460857     
  0.79513268059766262     
  0.79505168231903700     
  0.79552288236384916     
  0.79550412726880537     
  0.79528477778802642     
  0.79515851764582235     
  0.79561114646452380     
  0.79556694633572211     
  0.79529053158707075     
  0.79515294179967344     
  0.79501243552814516     
  0.79504068570825803     
  0.79520396313968622     
  0.79512262386264421     
  0.79514423076855589     
  0.79543602885706577     
  0.79539786728439754     
  0.79512571186670200     
  0.79528550818601973     
  0.79534355141843205     
  0.79524737072288798     
  0.79550924538111512     
  0.79539570141117333     
  0.79546719938050114     
  0.79561176110918619     
  0.79503953361386481     
  0.79542660285182176     
  0.79502570011977114     
  0.79522576638249265     
  0.79538027364311925     
  0.79570237359622387     
  0.79564877431113024     
  0.79549650151567430     
  0.79517026756265241     
  0.79528223801534026     
  0.79504923202291677     
  0.79519129752354345     
  0.79529312219422876     
  0.79505733402145307     
  0.79522489700438515     
  0.79510160075723235     
  0.79523785262769831     
  0.79532698086707976     
  0.79491078928641767     
  0.79531943145988904     
  0.79530736710667793     
  0.79550814570815698     
  0.79531570033089305     
  0.79533095690542466     
  0.79508315883352809     
  0.79520959073950137     
  0.79520426790213816     
  0.79580605458558284     
  0.79491896150336827     
  0.79535355854672796     
  0.79519105574035609     
  0.79503292790529656     
  0.79559835280585189     
  0.79492872021127059     
  0.79552764822932420     
  0.79526377874363208     
  0.79543414599294981     
  0.79537948607740461     
  0.79577730905777855     
  0.79528055903407724     
  0.79507853265805761     
  0.79525944394849912     
  0.79486821671600350     
  0.79508948052059647     
  0.79507639191470958     
  0.79515545513140029     
  0.79489339413282512     
  0.79522707767141565     
  0.79527073209934029     
  0.79512198682144219     
  0.79516464104664974     
  0.79515155019776673     
  0.79505637157384768     
  0.79567515050523585     
  0.79528754893006448     
  0.79538633807992765     
  0.79504784801922757     
  0.79504953965096037     
  0.79499950317716928     
  0.79517756843844734     
  0.79550645464937220     
  0.79526771002857477     
  0.79530588194591090     
  0.79517420525532512     
  0.79537086934762025     
  0.79526437641158121     
  0.79514915730547953     
  0.79495137301504182     
  0.79522209948318046     
  0.79542918492761117     
  0.79530569969939835     
  0.79520442288843529     
  0.79530059823987553     
  0.79535215585992813     
  0.79551111278226605     
  0.79518305941579071     
  0.79518215418163163     
  0.79526244297583049     
  0.79490672512573635     
  0.79479965643134487     
  0.79488932921619038     
  0.79500243810195537     
  0.79550394112768519     
  0.79505432635952999     
  0.79503230034839556     
  0.79515650592974385     
  0.79511813740244042     
  0.79522094834758106     
  0.79519966076967374     
  0.79523173522855872     
  0.79566443670075260     
  0.79514196850383401     
  0.79504914323665521     
  0.79504807187040671     
  0.79489539054066460     
  0.79519081706264128     
  0.79504202971126825     
  0.79538072255058256     
  0.79519307813966766     
  0.79514822628144144     
  0.79485522189518409     
  0.79511385501799270     
  0.79554835399471202     
  0.79548550942712770     
  0.79530482602832064     
  0.79497458398573584     
  0.79482308506422139     
  0.79491289224845829     
  0.79516061563992979     
  0.79469875071344631     
  0.79495697001788801     
  0.79521821971825712     
  0.79504182920957300     
  0.79584449378116218     
  0.79523066092546846     
  0.79548780257501250     
  0.79518545443136457     
  0.79521746642707725     
  0.79551609398650447     
  0.79532692991075249     
  0.79522502868180867     
  0.79518567033552445     
  0.79506028150277219     
  0.79518552893711847     
  0.79522194823415537     
  0.79504405107056686     
  0.79518274904376962     
  0.79550155801164468     
  0.79530111621343369     
  0.79556406083933195     
  0.79502197138306085     
  0.79496361674721072     
  0.79505419494658280     
  0.79464942895872637     
  0.79490702730618645     
  0.79531868961158902     
  0.79521121662260885     
  0.79513580952899199     
  0.79526473075352444     
  0.79538810893986711     
  0.79506258382329775     
  0.79543091818886136     
  0.79554118731452828     
  0.79529863105707543     
  0.79515844633595567     
  0.79551762844826268     
  0.79516319391496482     
  0.79554319881636593     
  0.79542811130437641     
  0.79499551599774909     
  0.79497779674389579     
  0.79480353548028293     
  0.79531277045787729     
  0.79527309833182225     
  0.79536008955864768     
  0.79516609149384554     
  0.79504549095464450     
  0.79506124046133420     
  0.79508953002441851     
  0.79520275339109603     
  0.79535503783600969     
  0.79500131911887151     
  0.79510378398481107     
  0.79545162988887186     
  0.79497962051903115     
  0.79490453451946663     
  0.79489243551004152     
  0.79473722393563195     
  0.79489000559389755     
  0.79519047544331789     
  0.79501863049041499     
  0.79516428504481695     
  0.79547661391538171     
  0.79506595685385340     
  0.79483105119007103     
  0.79490870132330216     
  0.79488657095833493     
  0.79483751225960186     
  0.79504923934983096     
  0.79491461189390944     
  0.79526522298211189     
  0.79514910994981325     
  0.79495439628027131     
  0.79518738578502324     
  0.79526642652202373     
  0.79520099563778390     
  0.79534459980592143     
  0.79516828538091888     
  0.79540693130560147     
  0.79498618721178604     
  0.79491211528406036     
  0.79530339699234953     
  0.79501363670605485     
  0.79533105127947057     
  0.79476682211710115     
  0.79502045155562429     
  0.79485835938383953     
  0.79519375379961277     
  0.79482930345073655     
  0.79498272191037445     
  0.79523381084466149     
  0.79484545947421981     
  0.79494363525819978     
  0.79502957595845658     
  0.79496578550906150     
  0.79558250404573938     
  0.79504041649403556     
  0.79522512237223963     
  0.79479835025054257     
  0.79492191002383639     
  0.79500234615636500     
  0.79505837030929938     
  0.79510859010472457     
  0.79502601172566867     
  0.79502685458660849     
  0.79482003510650101     
  0.79495347158204088     
  0.79518863731786593     
  0.79518246696847694     
  0.79510933734386635     
  0.79559958748535420     
  0.79541378610011648     
  0.79539282560824620     
  0.79526347414687992     
  0.79507980730195560     
  0.79509697028843307     
  0.79493256562134273     
  0.79541904026167320     
  0.79536098045240555     
  0.79498377695450839     
  0.79488945464852423     
  0.79500334399425909     
  0.79512651976977067     
  0.79528593176707674     
  0.79556705216060697     
  0.79493930239029353     
  0.79505527710877888     
  0.79494850212357804     
  0.79510826489945652     
  0.79525987467042070     
  0.79567216892691961     
  0.79502248135431652     
  0.79509919029587262     
  0.79528345277128265     
  0.79528824548382848     
  0.79519109290691103     
  0.79537404835340852     
  0.79548230401132047     
  0.79503757162374955     
  0.79511962306873185     
  0.79519882879242554     
  0.79487976115455850     
  0.79504932029355646     
  0.79506505114484893     
  0.79502147937551682     
  0.79491829446674966     
  0.79543174908654468     
  0.79506707648764008     
  0.79533260111847870     
  0.79536475296489317     
  0.79531934857036657     
  0.79501157698511205     
  0.79499668819814939     
  0.79499552391088601     
  0.79492926849706591     
  0.79510104130536019     
  0.79534049550771579     
  0.79523581382404285     
  0.79531711643853797     
  0.79539216752190267     
  0.79543174528637695     
  0.79524642249555066     
  0.79540601388084664     
  0.79519847062965165     
  0.79545178937636352     
  0.79553997647209829     
  0.79550297820562577     
  0.79531094372482669     
  0.79532220848968860     
  0.79527303024802298     
  0.79494038251396371     
  0.79493555578215147     
  0.79506635431513306     
  0.79493988470809551     
  0.79479904904295084     
  0.79562849830822346     
  0.79532956990211301     
  0.79507485541721235     
  0.79538406342563017     
  0.79484450999293055     
  0.79499688550797754     
  0.79517766938653278     
  0.79519675203375750     
  0.79495004259637303     
  0.79510373539537083     
  0.79531312104760121     
  0.79520258009440481     
  0.79535642260622941     
  0.79530409389929102     
  0.79567145682560247     
  0.79541711498730105     
  0.79521268764461450     
  0.79511382198414693     
  0.79532871921666159     
  0.79491605967965095     
  0.79503557010409043     
  0.79512678273656945     
  0.79458300074779598     
  0.79506043405133398     
  0.79489019389717708     
  0.79511642332925436     
  0.79493247578978810     
  0.79505714585896570     
  0.79519330066977556     
  0.79536143671893367     
  0.79540617914305045     
  0.79538436713910488     
  0.79521276513357142     
  0.79523449242140598     
  0.79494223792795471     
  0.79516131949003455     
  0.79464261524436919     
  0.79474860350788190     
  0.79486698375646558     
  0.79540669356263438     
  0.79499781854598117     
  0.79504445510442423     
  0.79494824829344968     
  0.79516580451440477     
  0.79503689167686775     
  0.79519261459871837     
  0.79499731560147202     
  0.79483224057253532     
  0.79504031504856598     
  0.79527155918949854     
  0.79496724765662763     
  0.79471241166702189     
  0.79535412581405851     
  0.79490884566732345     
  0.79498536932335639     
  0.79498387777709534     
  0.79527841305497671     
  0.79539719430284617     
  0.79537195135119987     
  0.79518071685894254     
  0.79477386465799338     
  0.79529736679606766     
  0.79518326573438369     
  0.79508148542749313     
  0.79496329462936965     
  0.79498786781721298     
  0.79493087750867431     
  0.79494811370782348     
  0.79497704823851878     
  0.79487721641844189     
  0.79488908124692481     
  0.79517763717514722     
  0.79529256220234545     
  0.79518100824084503     
  0.79484268679892078     
  0.79477113307930514     
  0.79478710632642180     
  0.79501363249393331     
  0.79481772174162013     
  0.79493888158153014     
  0.79485642516226096     
  0.79468858645534868     
  0.79479006051418311     
  0.79506822918952369     
  0.79508147047175060     
  0.79587068172552267     
  0.79531018242035367     
  0.79529044112448011     
  0.79492211347744102     
  0.79499532886274049     
  0.79487548669871400     
  0.79468679483841986     
  0.79467687233808126     
  0.79492470591704256     
  0.79523593341759446     
  0.79504488923413097     
  0.79487977412843536     
  0.79493591077807546     
  0.79503976224851125     
  0.79474430241725014     
  0.79529753249268476     
  0.79518138049935905     
  0.79536117032699583     
  0.79533007309504189     
  0.79518795169056944     
  0.79485530121841608     
  0.79509336071708858     
  0.79525944545487592     
  0.79494953252088751     
  0.79475952286538287     
  0.79487258659889615     
  0.79471895816464511     
  0.79508386237772954     
  0.79506717741099464     
  0.79505713759050556     
  0.79487882160358714     
  0.79489644592889508     
  0.79501905984431431     
  0.79482615735047402     
  0.79502854532952738     
  0.79470746027701755     
  0.79508482436807570     
  0.79517260783449029     
  0.79484402418706157     
  0.79511565339318491     
  0.79519567204155261     
  0.79532971378599326     
  0.79554025654349370     
  0.79536049941798348     
  0.79476477356388353     
  0.79488359911716810     
  0.79498110251751597     
  0.79503557756031129     
  0.79503243711923721     
  0.79489881136669860     
  0.79471604848266419     
  0.79492198976436401     
  0.79465950155335607     
  0.79512174257107615     
  0.79512386899989640     
  0.79508141219059203     
  0.79467369440433555     
  0.79505012327777957     
  0.79498255928525963     
  0.79505810484410333     
  0.79534165457954842     
  0.79489322446182786     
  0.79508060998161756     
  0.79500303292381602     
  0.79488243384821844     
  0.79448889069402129     
  0.79489899331521119     
  0.79490653239050357     
  0.79526355843543928     
  0.79536067982760339     
  0.79499902049733562     
  0.79509965980883923     
  0.79518800066842887     
  0.79552258987441948     
  0.79587663222659311     
  0.79544790147908073     
  0.79546750115602693     
  0.79521975608208495     
  0.79505224303930433     
  0.79537475136081104     
  0.79511592951813814     
  0.79553915223097993     
  0.79521099651723559     
  0.79483090688458291     
  0.79511146408621713     
  0.79499711655206740     
  0.79502065221453522     
  0.79497729016919561     
  0.79509640780470758     
  0.79519663817651631     
  0.79490145425834380     
  0.79497224227026764     
  0.79521511127678357     
  0.79504329921158290     
  0.79507425589742853     
  0.79501601658468002     
  0.79507644734151994     
  0.79510180665835195     
  0.79498885091908444     
  0.79497960861062833     
  0.79492207260714021     
  0.79493776981878095     
  0.79483494912324926     
  0.79501405595623720     
  0.79540015222960125     
  0.79534289939739111     
  0.79503835701137437     
  0.79524625487587630     
  0.79501989195517087     
  0.79504759052834284     
  0.79519966854969193     
  0.79513767826626203     
  0.79470505611177655     
  0.79477952538954866     
  0.79509086200197598     
  0.79493654035637717     
  0.79477110008960694     
  0.79505108552162129     
  0.79469284453051825     
  0.79499172993941958     
  0.79497155193971936     
  0.79492826060681265     
  0.79499869892098518     
  0.79468968446927502     
  0.79483701515521377     
  0.79480091958030119     
  0.79529794908337847     
  0.79503596812680954     
  0.79478119505940481     
  0.79453038060937187     
  0.79494111669099188     
  0.79477124293189005     
  0.79504744094334101     
  0.79480974251466729     
  0.79493419979380420     
  0.79523912932449958     
  0.79487142790060517     
  0.79494526185670877     
  0.79505721514988115     
  0.79505927924136177     
  0.79509121478754130     
  0.79497646005751665     
  0.79519807825398925     
  0.79512305843177633     
  0.79495286408897892     
  0.79505291164115344     
  0.79483527002675214     
  0.79509591112312961     
  0.79489653953025852     
  0.79512810580702975     
  0.79496187497449500     
  0.79530016690646110     
  0.79482627473408640     
  0.79518596944446740     
  0.79500297141845266     
  0.79501846581761948     
  0.79521472089733847     
  0.79542860299282481     
  0.79498362438688053     
  0.79501169526433912     
  0.79542671662949604     
  0.79496080277124292     
  0.79517252266338123     
  0.79507881951752613     
  0.79515144523900516     
  0.79521448840837305     
  0.79520685291764803     
  0.79486517102674770     
  0.79506484825055002     
  0.79534174300538152     
  0.79514383035378544     
  0.79511649505127768     
  0.79524292323625134     
  0.79506006937023177     
  0.79527033862864471     
  0.79501342117813489     
  0.79518295463134625     
  0.79508703606931685     
  0.79556636825992455     
  0.79541969622703745     
  0.79552139705282543     
  0.79539465815147992     
  0.79547407447019636     
  0.79534353847184036     
  0.79501725166972259     
  0.79494010186692621     
  0.79515020760644728     
  0.79515375336663907     
  0.79487534452885444     
  0.79531480573442692     
  0.79537813576945882     
  0.79511884634146657     
  0.79509836471332040     
  0.79539463983433289     
  0.79528290632388954     
  0.79546447990450575     
  0.79557087039297070     
  0.79499210904790674     
  0.79553401527935452     
  0.79520224675806961     
  0.79533771349659133     
  0.79533121299693443     
  0.79496747222215036     
  0.79520273353881665     
  0.79533235471803865     
  0.79506335774352888     
  0.79507982816847178     
  0.79545844766005958     
  0.79529157068076228     
  0.79536715542778269     
  0.79511788808005723     
  0.79522068269421242     
  0.79485467982421698     
  0.79478162188338819     
  0.79496095834527325     
  0.79499504026843837     
  0.79500760522954972     
  0.79485971978873848     
  0.79527447475429014     
  0.79531430486344779     
  0.79499995212222130     
  0.79509703602728365     
  0.79496673382683203     
  0.79485933321982782     
  0.79474774970868978     
  0.79533722116146022     
  0.79537773975930459     
  0.79508358840900906     
  0.79526715949925164     
  0.79494364594221323     
  0.79549512153705182     
  0.79519163967383177     
  0.79562687090909823     
  0.79526711064949407     
  0.79493842491396649     
  0.79485694463103285     
  0.79566023234441285     
  0.79525842779047506     
  0.79497766930098990     
  0.79489473251963938     
  0.79517981980308972     
  0.79521419214983391     
  0.79486923121703923     
  0.79512265161358542     
  0.79557918097728075     
  0.79524958645992561     
  0.79520408026898015     
  0.79474254415694490     
  0.79476817730134997     
  0.79503578586578671     
  0.79514327728433953     
  0.79504418164232560     
  0.79535767117533629     
  0.79532045426888487     
  0.79501098752443544     
  0.79542013121763644     
  0.79492025280663403     
  0.79482505249817248     
  0.79510175906366687     
  0.79497144370093598     
  0.79513551605122768     
  0.79507457140862070     
  0.79537953088498081     
  0.79592425634666197     
  0.79540589119584215     
  0.79504375007956896     
  0.79518715947495910     
  0.79508100239842194     
  0.79499973035650651     
  0.79500147877572258     
  0.79510032075250903     
  0.79555813547852106     
  0.79533412860637265     
  0.79509220470469832     
  0.79518263007716616     
  0.79519774927294440     
  0.79511390402750437     
  0.79491053229037223     
  0.79497994049624965     
  0.79522555245070758     
  0.79474164491782529     
  0.79509822242073946     
  0.79517845587727876     
  0.79487538956154768     
  0.79535631746357927     
  0.79511153736202511     
  0.79540765358141485     
  0.79521371958302522     
  0.79533190271588183     
  0.79502992745856194     
  0.79518552932450948     
  0.79522716047132780     
  0.79531553506303476     
  0.79509164480097894     
  0.79493235571776122     
  0.79529354838874300     
  0.79519768714122652     
  0.79518802166016811     
  0.79497436880436334     
  0.79519814612332396     
  0.79534264638946928     
  0.79497488433511632     
  0.79517227314429750     
  0.79538272859617154     
  0.79502445679609413     
  0.79511718358407135     
  0.79505270348199375     
  0.79487761963315828     
  0.79511896746473087     
  0.79510955111644210     
  0.79525048114649921     
  0.79513258931257824     
  0.79513745904146660     
  0.79518964943092851     
  0.79513901882708093     
  0.79556260749611585     
  0.79495851728666733     
  0.79529250191336265     
  0.79568325990063116     
  0.79521150006146768     
  0.79523799413467666     
  0.79477973339430152     
  0.79520527115224737     
  0.79523877723782765     
  0.79502014208206906     
  0.79555782694738919     
  0.79510406839467407     
  0.79533971888764565     
  0.79532975187836752     
  0.79525620541725284     
  0.79501444147008582     
  0.79525519454067306     
  0.79539574515169709     
  0.79526239747365723     
  0.79555136440581731     
  0.79538068541901996     
  0.79560982217447007     
  0.79492220930548319     
  0.79488791727547492     
  0.79511621479197370     
  0.79489513375790044     
  0.79488430889638029     
  0.79481278847136783     
  0.79497157062361479     
  0.79502548121213257     
  0.79521494997651043     
  0.79510378119939285     
  0.79496768790260064     
  0.79474344019154364     
  0.79504919706164057     
  0.79508541460065785     
  0.79488641676388294     
  0.79544299706655042     
  0.79528225485370796     
  0.79531300821956674     
  0.79505824001834613     
  0.79493469196551880     
  0.79495583008229620     
  0.79537120005347328     
  0.79541539133756034     
  0.79511262621504530     
  0.79530363546279292     
  0.79513125274655994     
  0.79481847735639533     
  0.79513206278886639     
  0.79511255741688502     
  0.79508386138221498     
  0.79502451540784691     
  0.79531166580341306     
  0.79528313098794878     
  0.79502057412717264     
  0.79500442210719025     
  0.79537263965243132     
  0.79542826617046347     
  0.79522648222570380     
  0.79558035027049612     
  0.79539755187545469     
  0.79517252424525109     
  0.79505593207676895     
  0.79513736750491826     
  0.79547948695099935     
  0.79542309398514677     
  0.79524148781829007     
  0.79521215365710629     
  0.79537689362897845     
  0.79528438838728688     
  0.79528893216892171     
  0.79518653533248695     
  0.79532676205286568     
  0.79520769289915161     
  0.79549841511727526     
  0.79545286412987926     
  0.79528169441215368     
  0.79521299812912372     
  0.79536598961961846     
  0.79506405380150103     
  0.79479164817593928     
  0.79526952744447565     
  0.79521115553316279     
  0.79503098833072428     
  0.79519083516423672     
  0.79528618074174351     
  0.79496702385278306     
  0.79486817687580624     
  0.79507510822550442     
  0.79505444421912197     
  0.79542504249045587     
  0.79542930109274435     
  0.79562014323305907     
  0.79533073227668905     
  0.79538545042343667     
  0.79545449503720045     
  0.79546360158629315     
  0.79513361572634078     
  0.79552965819862831     
  0.79516475889454297     
  0.79527204917216110     
  0.79511020870931104     
  0.79505067446528832     
  0.79503542512574921     
  0.79506216020015585     
  0.79484966235322774     
  0.79477664823744076     
  0.79526980701428529     
  0.79500066822477222     
  0.79498409739549425     
  0.79507775286191584     
  0.79534182314062918     
  0.79535003883210675     
  0.79542972736394613     
  0.79516676983615897     
  0.79515766970522295     
  0.79516518249105106     
  0.79528324357498137     
  0.79527751267028945     
  0.79510157850785290     
  0.79519845503271180     
  0.79556635112134955     
  0.79530580640874504     
  0.79550318065515346     
  0.79516080662586730     
  0.79541385509691598     
  0.79490998121217249     
  0.79508836448555864     
  0.79540995208302745     
  0.79532555740022193     
  0.79525768551906406     
  0.79506451226077335     
  0.79534167068728268     
  0.79518885749817003     
  0.79519552712402997     
  0.79533176552242135     
  0.79507262047822935     
  0.79506727433589330     
  0.79537788024715284     
  0.79490182422939937     
  0.79519302256266544     
  0.79491139085136397     
  0.79533935868430106     
  0.79528315097563418     
  0.79516280730867561     
  0.79548394656912280     
  0.79542487140760576     
  0.79497421766100229     
  0.79510252241167112     
  0.79520952128563538     
  0.79548890739986988     
