 -0.45714998210586577      -0.14031256603465747      -0.76235568732455417       0.96690684332448185       0.52862687380847151      -0.21037277918118988       -9.6804903261747899E-002  0.34634457118217038       0.20305382758124255      -0.60647417389382807     
 -0.27611712575619063      -0.73155039824348100      -0.84931187472676006       0.85082049665254222       0.51995766828161760       0.45103981929685927       -9.6801582708654910E-002  0.26094730970465491        2.5691196895841362E-002 -0.37450748562918923     
 -0.17080527189043165      -0.56241006459599951      -0.62871391453377379       0.91279869408626990       0.69859285109165703       0.48792761350998315        2.4163918025629761E-003  0.44522214310780117       0.27312465831364025      -0.52387057575653961     
  -9.1460324448918467E-002 -0.64374997523812916      -0.70227687681459205       0.75251732139076277       0.38861654142553298       0.21577499290642851       -4.2123672310739810E-002  0.64746201355969235       0.14183487677066922      -0.32364809653450205     
   2.3322245240176644E-002 -0.33092160431981299      -0.43970707292684330       0.88929266275397156       0.34839207450431636       0.20078579741567690       0.70276470628763688       0.66565980265645242      -0.93891402955171754      -0.16504839976390615     
 -0.23368163506882950      -0.49200300805214359      -0.26718058511498594       0.72430288327071213       0.22072977434985214        3.8006256600362442E-002  0.57056665014337260       0.39912871573655290      -0.76083990455635664        2.0655935693346381E-002
  0.39526482693386311      -0.54879062486552432      -0.20533785453828760       0.76082487520986919       -1.0275847336602091        7.2991916016378861E-002  0.15515055715854625       0.93716874470406697      -0.59077892262640364      -0.12022597428214025     
  0.33987285395557337      -0.41549375939682542        8.2069740447096876E-002  0.60830249638769529      -0.55049771353513721       -1.3794044064728144       0.40376195470150422        1.5289151526704470      -0.11799712854530281      -0.28004694719851059     
  0.24870537922818486      -0.49022796379754552       0.28620774347292116       0.11911340690895342      -0.59395292702665037      -0.72364502789668139       0.60041538620997303       0.93193873902217716       -1.3926121599540014E-002 -0.24479383580359390     
  0.40955944660742732      -0.51139808241899776       0.31029911266237192        9.8089522401177992E-002 -0.78259645899223107      -0.96861970207647330       0.72111515839663387       0.55526583049860945      -0.24271461585338300      -0.37743551177837292     
 -0.87846852150433063      -0.37678992110134046       0.33907669043498823      -0.24467354888163120      -0.63324140855964195       -1.0662735727164323       0.59138004768725250       0.80548625599642021       0.12085003931380577       -6.6818762431320525E-002
 -0.42086537083991638      -0.26260939228552088       0.46383470795550191      -0.16582901469085576      -0.40614167209643381      -0.77004689154305295       0.65214554855391238       0.93647835641787980       0.34465681682159705       0.14562357289549316     
  0.25102510490772273      -0.42799717673201498       0.82400282786931622      -0.28834204927381918       -1.3298487317172216      -0.70749319690033885       0.55622311754865550       0.62086669185409338       -9.9832124554366464E-002  -2.9370289059324216E-002
  0.85784311298831462      -0.35316869466902506       0.47058919768350732      -0.20877588469760835      -0.63999028212966913        7.4934181261703064E-002  -1.1923942286098264       0.42152091234904071       -6.7439311994476128E-002  0.26382430734737189     
   1.0269007128669696      -0.33989067455284472       0.49195500490533167      -0.11780180311945133      -0.40812706598888154       0.11007444571142534      -0.63035013858503153       0.44083193811690763        1.7470856976770088E-002  0.22574885387954760     
  0.75791309348004954       -6.6360875108296760E-002  0.70420596175414596        4.9029382281466645E-002 -0.44810205556032989       0.37208552134133055      -0.73819431959557935       0.44856135872535352        9.8459975591144291E-002  0.28342794977249430     
  0.66598909330413569      -0.32040354209879507       0.36522547090683949       0.87396156297606087      -0.42745088221002392      -0.11435922849024513      -0.47811348838231571       0.26276789168615372      -0.81742153053711974      -0.30353417716309927     
  0.43808508454292372      -0.25978152092636053       0.33381014024558414       0.76588467993623865      -0.95836326957198714        3.5904913780469040E-002 -0.46825698103615410       0.18070406131243277      -0.61351516525294758      -0.19354602272311325     
  0.77305397424241895      -0.14512216406323436       0.29809868318211791       0.88658673617496597      -0.56114344959665041       0.18841899687928856      -0.27074455795188740       -7.6290414504368104E-002 -0.41406878723575125        9.8696009660341047E-002
  0.94197233413103865        1.4149623263617754        9.8080670367801395E-002  0.48661236032196292      -0.75795485578817845       0.22725674781773991       -1.4437093879463967      -0.30080661324850760      -0.53375477391812409       -6.1580706178713730E-002
  0.65155156337402931       0.74696122342798665        5.5020243281078803E-002  0.51571961757684226      -0.56047475142061220       0.22548857691217480      -0.74366241329236138      -0.35428017009530161      -0.44167718980616644      -0.16707587088672624     
  0.24398124260617143       0.55180183702866969        2.5843793232292427       0.35347167343034397       -3.0410924414821712      -0.19864024635869976      -0.53335227390689122      -0.27870028797714752      -0.39177614423914919       0.62831719812908959     
  -1.5728594269894013E-003  0.35525879111370018       0.83169176709690118       0.26793578599657425      -0.87374210610722414      -0.18047260622726843      -0.62542837211075542      -0.34343525046307127      -0.52233563671443639       0.61600962911529289     
  -2.0031970912535470E-002  0.41267157382228165       0.84554249230440404       0.24452602085685238      -0.88484977109235641        7.3628877597899808E-002 -0.70615401932494437      -0.14209457046957794      -0.40878466001072505       0.53545320827787546     
  0.11303149109540378       0.45291226201115425       0.55514738861836244       0.37752008160641537      -0.95670790784177950        2.3404634287053034      -0.46159894315161459      -0.11944023971868552        2.8016414717603236E-003  -1.9984097522787843     
   4.4551727522710478E-002  0.21395387546623529       0.62896240060792363       0.16301763036125397      -0.63267934365141965       0.86050283397326732      -0.16165818089997835      -0.41666578329745096       -8.5114848515961891E-002 -0.76038802830496621     
  0.11916901506018496       0.34596537417990408       0.49134524043956068       0.90276591970640496      -0.62819748686034804       0.94875682621339763      -0.21855141394196520      -0.54811712302970483       -6.3727893944833275E-002 -0.79312766498388376     
  0.14917064822522311       0.33658046362679533       0.53368990360018742       0.62052977963358180      -0.71743897109822963        1.0578327633615741      -0.29185059072849534      -0.46109743944879938      -0.13548430760624328      -0.92496768005629570     
   7.7266767284101728E-002 -0.16582866474567096       0.44822344664796937       0.65276141873457727      -0.35208050499474680       0.84311668407077200      -0.41507196656114903      -0.61610235518035084      -0.25289445380209674      -0.99140154412315373     
  0.61196989448859129        8.2151983025350289E-002  0.14878546230369524       0.66190276470774090      -0.35891119696827384       0.98941749475449259      -0.53947184043245566      -0.68574655292749975      -0.22533200606442619      -0.93889255623232104     
  0.19249138819357983       0.12328770056456437       -7.9873204942205334E-003  0.58787897459784832      -0.28880281949053144       0.82533267069695726      -0.57790531979449988      -0.64630648543260094      -0.10180116012931259      -0.86778698688598688     
  0.59126055917460296       0.37370979137931720       -7.8959735751252896E-002  0.18371901062050180      -0.49460884716051262       0.76203493153793223      -0.23994484724459070      -0.53346759737734240      -0.17112561674812535      -0.74643287407946324     
  0.90344703488570233       0.24256987035894409      -0.12031545540018257       0.10178188670537441      -0.79632511893631563       0.37754768230442404      -0.42069604161945473      -0.16121232750386655       0.64218025650002453      -0.53773048450801997     
  0.65545132295021846      -0.17935250743057593        1.2577852736164507E-002  0.27006237189857746      -0.86338781037995349       0.37465484912752456      -0.73563432147848196      -0.19903516802652252       0.76640903761705281      -0.37675753246455079     
  0.75803439544078499      -0.11428366313974686       0.15254753375301996       0.41421594715714538      -0.93895175473329029       0.46146354079913099      -0.77849632504930566      -0.40289103934255366       0.53391280522505014      -0.18706328542858458     
  0.80802487067297035      -0.13700708651949337        9.4122480646027670E-002  0.40189568623003114      -0.66229616314671980       0.54707222363283636       0.21181297064434401      -0.46509067176238006      -0.84517042060381831      -0.54418034620232114     
  0.58899605139579780        4.6022185110337096E-004 -0.62242856799281021       0.29091241334542056      -0.49939981852586129       0.40873811267834148       0.73669551447353865      -0.21275175215183320       -1.0362506856625127      -0.29373062840057196     
  0.56650734856635132       0.11906443357486757      -0.45181728587661268       0.21003654685090914      -0.67658565081181288       0.30420364672653405       0.68970949143675464      -0.19336054557071727       -1.0157873452576220       -6.2306125026218746E-002
  0.54873382644646140       0.15798393396025032      -0.73132547350799104       0.22573447434157909      -0.31247121887497437       0.76854326332780298       0.61138917909276447      -0.54576911103292380      -0.60517847207903519      -0.15499852711716933     
  0.46001087403437402      -0.11922308171760902      -0.80739075601631338       0.19548288194848298      -0.33116757347229198       0.95375483760665358       0.93789200882510826      -0.51251183607627204      -0.71150581179236649        2.9415071888587132E-002
  0.42773937320222855      -0.16211317069435646      -0.76432173879355148        5.5407209880522501E-002 -0.43076174544611806       0.91312387755561819       0.57926244644030433      -0.24919837926829921      -0.53455257879833795       -2.6345692312383956E-002
  0.50511834816608880       0.32565314886009972      -0.75251870255423359       0.73592253705711441      -0.53459577443691741       0.85502636020249423       0.82282130944714527      -0.21552661190353842      -0.94046826539368089      -0.10206282395917844     
  0.37276697488433891      -0.73083829012338097      -0.44136491139953887       0.10233253618436526       -5.8209946221210979E-002  0.77325070387795636       0.62055967897174902      -0.24034033144780040      -0.59206242395915565       0.20996284871126850     
  0.87627458391322033      -0.80564486562704252       0.13039805800049892      -0.22257483754850912      -0.37753756638713348       0.70118542013945406       0.51968777089207119       0.25032726773245018      -0.63768152845925818       0.39836435318151808     
  0.83464833941689243       -1.0661564844545468       -9.0618328175395765E-002 -0.16641261640726365      -0.39373195868874400       0.13352820526215953       0.44533526176004196       -6.2999082012719768E-002 -0.52830265723828529       0.66970092470608944     
  0.62492315701958723      -0.80699491857036920        6.0136097482824891E-002 -0.22096184985852713      -0.36069421019425352       -7.8023428681060505E-002  0.36129392236284230      -0.50312968065409469      -0.57286670627936054       0.23638725400328561     
  0.63183924285541293       0.10136299144286376       0.18195304897380482      -0.76214726949531808       -2.2267409470913071       0.86284088449558216       0.30566712978874433      -0.28078429189292714        1.6318624669257871      -0.34421937263449659     
  0.59093345748844173      -0.11268582114633527       0.18110547819048281       0.96461458837366110       -1.0021140465710472       0.69819588241801200      -0.30804757666315674      -0.38876333277291908      -0.83975711107045226      -0.53021130382873982     
  0.11839449603722005        4.5333561448287388E-002  0.20084888174034032       0.83985824832564981       -1.0475282380182971       0.53584727873956262      -0.39924011046118535      -0.13290927717662041      -0.61126590296650651      -0.25751619575699802     
  0.74767529249199260       0.15075742582421819      -0.95967353298337166       -5.1601704551164695E-002 -0.55966784963875782       0.26107722094487651      -0.22975542819554154      -0.31344368039077092      -0.74578912922518714       0.48314811888292958     
  0.68690842404990460        4.2004883089239220E-002 -0.82423137251002687       -5.8845933724844680E-002 -0.54137214000909051       0.25610178632368980       -9.2277632046504243E-002 -0.25706281899667754      -0.63663664340279114       0.36054352743249440     
  0.47065273271118763       0.34712697842100376      -0.76437742624680172        2.9150527648682036      -0.54701128496658336       -4.2792871376416762E-002  -2.5885016906124747      -0.16003910193036033      -0.75487653526997300       0.61550535296446851     
  0.34570119467253213       0.14132657699659992      -0.46828028989649212       0.78108557273581536      -0.25153292814175726      -0.18191623459535183      -0.84023294750198119        3.6659446573419040E-002 -0.43786511963694308       0.67614993564262726     
  0.69599376468154961      -0.55338277092249488      -0.36659806439195780       0.46909030775574773        2.0720823144298951E-002  -9.6061680734910684E-002 -0.81965860582600070       0.32872047504755603      -0.20837349167314839       0.20730902441320015     
   1.0712768763580844      -0.62116987415325131      -0.36697834362687970       0.82607288853219107      -0.32942314648372684      -0.23832076748209538      -0.56913536113424168       0.20632309336797167       0.11900038377836185       0.54946554880425502     
  0.80306734102734234      -0.81954564635730798      -0.47716384434229736       0.43329534957134769      -0.17567084671510824      -0.44215085348765915      -0.64091170428361333       0.23053196959565933       0.14030820410575184       0.26297468542231917     
  0.75985113480887623      -0.69977880973638584      -0.41544600947282168       0.60250866738051434        1.5908554819018768E-002  -9.6023984495422043E-002 -0.63636393385938594       0.15499078150032677        9.3564426100408479E-002  0.29202054286584311     
  -4.2855021968574873E-002 -0.87574929968293291      -0.75673163258655440       0.98434189618356238      -0.27468764653279842      -0.44316798821518572      -0.51322376509325973       0.24603815140243648       0.17938897517144695       0.38500291089552191     
  0.35938099726967410      -0.80870488331005219       -1.1707635986721765       0.68100715533230594      -0.32545867598383810       0.22012968518007850      -0.50986057910313431        7.8597933694392733E-002  -2.1466166774608199E-002  0.56131581857538582     
  0.51681517659340648      -0.20167233710738305      -0.76983926600918273       0.71083930077570034      -0.21289425244226418       0.36348764257037347      -0.56988612904821079        6.9058128335345498E-002  -4.5027732047517866E-002  0.64583139454105054     
  0.35903240913773032      -0.27037114127692019      -0.67723736797529999       0.80320929179719336      -0.50674545024948392       0.31598764230882698      -0.35140414185978830        4.4571997373107332E-002  -5.4730247408460039E-002  0.56677080617563058     
  0.53881733642077312       -8.5259143668731205E-002  -1.0320259465438044      -0.43740930772824704      -0.66797917214479452       0.45564356118191984      -0.49194192208156867       -3.1576434383197724E-002  0.23590250677795677        1.1644603041948376     
   1.1131707752136564       -4.1508453273604619E-002 -0.62372855025608454      -0.15055026438069469      -0.60408040608898184       0.42467138854233394      -0.27122969428273358       0.19082505896470703       0.55252909394460192       0.90153208430263476     
  0.74677132448874439      -0.16954201549191150      -0.86926186090923296      -0.21229025657763170      -0.60759277616590490       0.16770125768398703      -0.46300939590540180        6.3467300477504804E-002  0.37845459472736781       0.59608819251572409     
  0.69036469063334338       -5.9983272912464927E-002 -0.74636244019993714       -9.5705987523971373E-002 -0.46302101819924529       0.16380419065594770      -0.35450565584520655       0.29771302822231360       0.47552920911327429       0.59888346399979075     
   1.0175523080108493      -0.25591645831466647      -0.98217417932180229        6.1155744650326097E-002 -0.60200898065411568       0.19741270212703560      -0.44449756429042575       0.38286519559098592       0.53344647081093932       0.91120847686637774     
  0.78423892607255541      -0.24341796687189712      -0.80184335628297576      -0.17366433936420991      -0.38151476112718885       0.10283657606928641      -0.76013839597714550       0.17823446567712783       0.38492503917052706       0.70103331548825543     
  0.24310321304818727      -0.17934057154129524      -0.60066251590479680        3.7065933332539526E-002 -0.30002419578937944       0.19083857984843403      -0.51087293002918621      -0.66292614648865067       0.50435751291644326       0.83975318467243543     
  0.40854393271212319       0.18774000834396865      -0.21150961661231907       0.63434172857776472       -9.1807953828182326E-002 -0.42371299789015043      -0.15455124419778871       -1.0368482098786806       0.81346230021162380       0.99651197395171642     
  0.25203483319464381       0.14186443969681442      -0.45680212100776063       0.43830326600036651        4.8878184293891166E-002 -0.26882874500075743      -0.17143541059095607      -0.72850953745889857       0.85891666000552713       0.79410163410606194     
  -9.5093118562186427E-002  0.37421115323849524      -0.17804799922252282        7.4981276846487172E-002  0.23782241320973938      -0.70814715120215233       -2.3702325044782573E-002  -1.0092023355244302       0.76241565451779547       0.47519012241135583     
 -0.16370963685841378       0.31079041719402872      -0.39575373712090672      -0.31743817053577139        6.5065988352886850E-002 -0.88841116138795606       0.23585142041754339      -0.59683278480694790       0.81193783325908864       0.61213799255146950     
  -2.5841219836263758E-002  0.25630414098086651      -0.54936768928641011      -0.35160188240131574       0.23178352079279016      -0.96621078281531603      -0.13605152036441623      -0.64791686385632385       0.75132446774148509       0.50818528984296207     
   3.2522170589987437E-002  0.39514366123703687      -0.51067160554592106      -0.47880523885381404       -2.0540884850067484E-002  -1.0350802402685229      -0.17539348976629671      -0.62829057742238448       0.76918739027186633       0.64600417894125395     
  0.15756512014983964       0.29786604513122356      -0.19571842809743176      -0.38316579363796938      -0.32192848230607124      -0.61175426448938830        1.3180396214814366E-002 -0.56149220093360652       0.78875744467218534       0.56811867087574641     
  0.64065428874507346        8.4454575952208233E-002  -7.7285716286729728E-002 -0.44763332844720294      -0.38359737939711502      -0.64252590288223210       0.39407450909760411      -0.89145959892241844       0.92926832710999696       0.48308313051663071     
  0.48084637230225968       0.39392660051659628      -0.52578375624063667      -0.32328034098472036      -0.16512481414798633      -0.54119173613761762       0.30930890413559825      -0.75863082682296590       0.67702450072851739       0.32173994122863919     
  0.46077762484323814       0.30424257513613717      -0.67454114264087983      -0.29082237379366183      -0.50037252574395352       0.21900320293547146       0.58295639370258134       -1.0552146766298762       0.70255639392948255      -0.12969730924090370     
  0.33779768481982841       0.12686186008830019      -0.60049128883501757      -0.31932101911503408      -0.52838674021399334       -4.4936209088160553E-002  0.60301423849729296      -0.79759205690963797       0.67308165300316258        6.6359606537020749E-002
  0.55836853962043043       0.15158987756977726      -0.61419213043069543      -0.12940435248068438      -0.47416517195492525      -0.10452102163989972       0.75215267833364308      -0.75714435995329277       0.96772053121950019       0.22377916734582953     
  0.94944368583352434       0.18753138845961326      -0.83690108142507313       -1.1321271666778387E-002 -0.37658006759374318       -7.8040351010669529E-002 -0.62299857225763311       -1.0891881922949429       0.65400480296471519       0.63814351575807027     
  0.72763580883174928       0.31271003591241209      -0.58234048017582352       0.15267843244511409      -0.22492307446118506        5.2238651482128702E-002 -0.42807663740995905      -0.80220303059108033       0.44447130930433337       0.39069962413028353     
  0.46395475355406318       0.61472390197121862      -0.98671377741691357        2.6249802915022040E-002 -0.12871858910272774      -0.21369223194298093      -0.47613766493947379       -1.2177514444967419       0.24487343251514229        1.3993953711077962     
  0.70500395447895947       0.55068351818186301      -0.67468951047474712       -3.2385741238796659E-002 -0.36625972909114546        3.1638138577575574E-003 -0.21961298313702288      -0.74279112006802106       0.22366084154931576       0.80353573519634980     
  0.11408592048588435       0.79341974377756508      -0.48946099084813116       0.20676102401281879      -0.21434973117319633       0.35212572538431358      -0.11593988864998202      -0.70517782677656493       -1.0743845594805088       0.50551975659804183     
  0.20041028775465952       0.58879059354472096      -0.53195144974542463       0.56987642034323327      -0.31255736334240136       0.28093760951131969       -8.8279282059996106E-002 -0.63226639118702954      -0.79529436821858501       0.70574815898237075     
   9.2071199415342184E-002  0.58176473787241534      -0.45614165772149429       0.51387008078306129      -0.28789264598847475       0.40945036179078820       -6.2052219482255248E-002 -0.51328415766915203      -0.68812728268901935       0.84755746212517624     
  0.36752515451460477        1.0985460855033051      -0.39352417128311934       0.51500831772643574       -9.8215259157831553E-002  0.27956629803170252        2.3177487293841854E-002 -0.84236936239308846       -1.1759655733587140       0.90380894372184983     
  0.22352753812639078       0.84193938236142407      -0.59290219924229604       0.25305718485412720       0.70866412930158817      -0.79410805335087842      -0.30596121304564083      -0.73098129588373129      -0.94919348227270917       0.54101307700060730     
  -2.0217699487056493E-003  0.69543397269452845      -0.40864060285382348       0.36067490833501664       0.59984329490438681      -0.67570085041426409        2.9763036635068001E-002 -0.29934515471752005      -0.86659365957394052       0.48846580341791773     
 -0.59018140284365916       0.92663434470616801       -1.4073317949719790       0.61429179666163802       0.53307143849455041       0.41545184297880622       -1.7538696649849344E-002 -0.44052858002647932      -0.77175552541647974      -0.14182679046015464     
 -0.43153496040347739       0.69104179588814962      -0.72857887640483443       0.58313956014584645       0.29321244775133370       0.56413256998268491        5.9231306603435042E-002  -5.9883110634879881E-002 -0.57234754336304672      -0.24932529142588994     
 -0.50428034544015909       0.64071328954892215      -0.80086742897205587       0.46865215512197000       0.22611298518116552       0.34172954742419931        6.8958456162915863E-002  -7.1798418159261676E-002 -0.60602688022851470      -0.17334670307297995     
 -0.45675721814697201       0.72757879948747473      -0.96220000807014883       0.41680458800467785       0.10898196902058979       0.33577972236641590        5.4078564419670939E-002 -0.25998559506323726      -0.57508357976777402      -0.40680962933311693     
 -0.27757163080617353       0.71220185407070780      -0.55585770235879373       0.52179952354805459      -0.73558936817096643       0.84123338376893941       0.29782234530641871       0.14227029340693434      -0.38199149037839075      -0.10473659049031524     
 -0.12431795583736777       0.85646110917954255      -0.46797605714282275       0.68816263811844403      -0.81538354600035901        1.0331768666710452       0.50798936475330925        8.5103627610813679E-002 -0.35575671742020148        6.2270438329558343E-002
  -7.4891490757590537E-002  0.34149198730791275      -0.61735246201311356       0.16240673767540834      -0.52640327385773356       0.67338073012560162       0.48469316364330822       -1.0809706096654339       0.99583157402525180      -0.22556883964772645     
   2.9912605764972747E-002  0.42721033342497317      -0.47067879208374425       0.12799515431101452      -0.12937246508167541       0.50154240845850329       0.22710158370206907      -0.65057090168987219       0.67118901729418567      -0.29081207953002081     
  0.82764373569335692       0.22627831221217604      -0.64245522532177191       -2.5305327208947188E-002 -0.20542577951568936      -0.12437507095205098       -1.7054005847993525      -0.78404787069687154        1.7703634163629582      -0.41055758685109822     
  0.54054536400577324       0.38587174813105324      -0.42458649968196055       0.21142436574394777       -4.4160323652013625E-002   7.8931469162181855E-002 -0.72778624090690613      -0.53447352378766821       0.57633823133125495      -0.21063646179711695     
  0.71748326803229734       0.36615023986692896      -0.36724293334259622       0.10329865963263084       -2.1946671417894126E-002   5.1690722984420567E-002 -0.89384415799151584      -0.41512385497635451       0.77790297807729458      -0.25558759591915736     
  0.53899891563981850       0.30064092795352554      -0.58179345804214855       -6.0031597527461379E-002  0.26783777261776753      -0.27707352489495340      -0.73511984090829952      -0.66049705151196125       0.57619096510825718      -0.45004501313575085     
  0.59329113467683525       0.50279360293609798      -0.46201559960428434        1.5970177429996076E-002  0.19023319732022073       -2.3079144854574643E-002 -0.86060531980140931      -0.65538555719232405       0.76709351073583631      -0.19233185790294469     
  0.51022041315674982       0.24807601738990387        1.8264984632411481      -0.28822583723470885        8.0784747211525149E-002 -0.17622642086736265       -1.0069385226574203      -0.43336894566072448       0.63244751363079688       -1.6309004839497410     
   4.1836747526375374E-003 -0.36409201771945088       0.57608477466966146      -0.30130367656322476       0.19930804303099633       0.44660808483659298      -0.86293038374435083      -0.42849551326651558       0.50702383062462231      -0.53388296915155242     
 -0.20929661130218186      -0.32615196583904693       0.97274933968037502        4.8125395832773768E-002  0.29058538847981147       0.43837651162609220      -0.77924611440762648      -0.37451469254056868       0.70384260882347149      -0.71709339905796443     
  -6.1367611741243187E-002 -0.19302213624518333        1.0032999306765134       0.11230062221989351       0.16590320157889252       0.36423728347531814      -0.59780903044737488      -0.13568173857507704       0.70303831638272229      -0.36885434516778065     
  0.11761621892039952      -0.14413463818848041       0.69893636009450422       -7.9228884894354576E-002  0.41981964910310426       0.32485688481645242      -0.86731141961926828        8.7482216152957148E-002  0.94479233109525274      -0.68112450426699478     
 -0.56163097164484255      -0.49090667576688873        4.9559009253774627E-002  0.65992538271689560       0.34140527794374859       0.88954885790817839       -1.1355461310412722      -0.11757908068041302       0.71366396720801129      -0.97138185585383641     
 -0.47604477811284335      -0.24774269034768812        7.0428809954583102E-002  0.80662650136815950       0.28418301309622024       0.94594882559761229      -0.64463264441762136      -0.15902302091086618       0.58643073267441514      -0.57697339735074715     
  -6.5535905613769945      -0.40869888578934138       0.25713219308277890       0.46275556137304191        9.4020392269730885E-002  0.66259064276336332      -0.63124583546017810      -0.12370128981165669       0.40195136332444131        5.5253305732217273     
 -0.73588170591636526       0.94423950130014511      -0.24395082206846253       0.29005443970773265       -1.1047492044243468        9.6883226241888845E-002 -0.63453526116760794      -0.39139140539941097       -3.9704533416085118E-002  0.51324317145477272     
 -0.52465377042533079        1.0125631710938197       0.14305946920564477       0.43995313066432506      -0.97963242061564715       0.16057157348357465      -0.37056419768100390      -0.22750779655378325       0.26224650052790716       0.55225478570484654     
 -0.68848037614885893       0.57089400239823840       -7.4251789480948710E-002   7.4349166510532652E-002  -1.0874626215211891       0.31383071599615736      -0.47260660042838482      -0.35002557634978171      -0.15432589721719786       0.87735930074858126     
 -0.57516146755129338       0.71307734698702363      -0.13290425430530375        5.0875552120315040E-002 -0.65146462998565868       0.12339716913602738      -0.22340202781299806       0.44986110519489797      -0.80503389327486352       0.23989150399969048     
 -0.35448771810782481       0.98667227946108760      -0.14029707367939698       0.13462113343528367      -0.54019621185096567       0.24660610008813597        6.9748222272652982E-002  0.74112845612958123      -0.72299833349062759       0.51479039619037392     
 -0.13461308143002484       0.84921215552440099       -4.3777835368308600E-002  0.68629994004468320      -0.61280973447141918       0.18836314282228975       -6.5455858409872503E-002  0.45245726342669690      -0.39043243434546865       0.42968828759546895     
 -0.15278363754395882       0.66210508408364710       -6.2301545404765769E-002   1.0488746695584197      -0.58528710880544177       0.17366902206644275      -0.40407581900231354       0.38376267113261769      -0.74681433033505806       0.31087992848301921     
 -0.37386096966974630       0.75246480447071640       -9.1474250361417486E-002  0.55491496597439938      -0.25144090727580654        7.8205835657992745E-003 -0.95887996784404195       0.36811166505037424      -0.59615171595556915       0.35836709831040642     
 -0.30324167508834277       0.84799242695673149      -0.12877343888721274       0.64877143632193024      -0.28017810407724808       0.12355171969382817      -0.85470510010106637       0.34631704372678007      -0.60613868993323161       0.15863680050344844     
 -0.50309266629866145       0.74938334648197791       -7.3660745736806935E-002  0.72502295086465007      -0.30746542784771547       0.14920352868956416      -0.73851324241412242       0.53629225618728271      -0.45953947770606535       0.39755924004574350     
 -0.31208524518060599       0.94464631818485245       0.17336092476935380       0.80785281978530421       -1.4171034952608592E-002   1.1759781580673543      -0.73506598017675195       0.51719351568283300       -2.6073384289990929E-002  -1.5231491495914347     
  -3.4852814009774087E-002  0.35728398288260554      -0.18219002128664757       0.46265550751211759      -0.73843534654871723       0.71745319620647496      -0.36918991762967307       0.11014213459782277        1.1012406168998239      -0.85655013243042533     
 -0.26571684266095613       0.52088159262097156        3.4368897277311627E-002  0.30724509236343589      -0.90121057411888195       0.26286855148249133      -0.33593924626462646       -8.7216187757632999E-002  0.43460268451210998      -0.52559033511272213     
 -0.49404697482402415       0.59411748907229966       -1.2141241008484448E-002  0.19623642509864356       0.94644484674454576        9.8716141960720927E-002 -0.33198189027896341      -0.22208585309779835       0.46017419925946940      -0.78458386857394258     
 -0.36281329472179547       0.58275409289352786       0.21923467277574088       -1.9903602687954894E-002  0.81005611961050772        8.3017943165330135E-002 -0.12848043808296938      -0.73385080679142867       0.28181887286294710      -0.56277290193330076     
 -0.37998014053395179       0.55755901027719590       -2.8247365657133691E-002 -0.53269634545204769        1.1018031921383811        9.2714621263864802E-002 -0.21758586652677886      -0.95818264455156310       0.44107486098569360      -0.76566924279795001     
   5.7992952400044574E-002  0.21768182706687789      -0.22602555892548593       -8.9176264711333372E-002  0.29203977197233238       -1.2247363662245903        1.3087290291692990      -0.68487110757088088        7.0755651449257703E-002 -0.52606631951623595     
  0.12495494372772686       0.54673045892512617      -0.23700785619643391       -7.4410961498057288E-002  0.47975422439535331      -0.66008299397578618        1.0192521705766668      -0.49278204776717172       0.18444266702276949      -0.27227177547916470     
   9.7535873190309430E-002  0.16815659653715834      -0.25280398084083755       0.76978362654128107       -5.7517069637359086E-002 -0.68099716806671573       0.53603257893770040      -0.41768244376828773       0.34076473858078804      -0.72658678355112427     
   4.2719838272251266E-002  0.25259428437381504      -0.19509377687506610       0.72263561304089274      -0.19219943183122556      -0.45603829269770391       0.62791165251886738      -0.42038297027598720       0.34846600565532504      -0.81156807336400383     
 -0.61063767402814972        1.4291520722522122E-002 -0.15541045959707631       0.93899584359941402       0.15277002680596385      -0.64530980206568322       0.56287508344597448      -0.35490469318205620       0.42438755280700180      -0.80986840105704261     
 -0.36889029294655307        6.1714153628495097E-002 -0.17489735417992092       0.70834966794156040       0.16372515667424156      -0.57363578173635899       0.55254471528736859      -0.46446993944102438       0.43537630843023573      -0.99656045838523644     
 -0.15100711986328369      -0.25305756318026407        2.0199582521615227E-002  0.76172085794498778       0.25488354450836032      -0.52146778862591325       0.65221019460454976      -0.86982815707886219       0.30762886728949335       -1.3170727190191918     
 -0.15997164322566118      -0.24824425867393354        2.2686150322920425E-002  0.80922416625045479      -0.12385262531108820      -0.45459125748702844       0.55381787961732276      -0.75286906385445018       0.19702473959547576      -0.84972014849404243     
  0.56315629893762997       0.49979013640089243       0.18824349800170068       0.66727499040317717      -0.29637145958454708      -0.71101802760185939      -0.78723115601625282      -0.50558961885619458       0.41618824939147792      -0.81946087128237077     
  0.93724831509103823       0.68685467891611174       0.10452558928772600       0.38050334582353645       -6.8706578223266895E-002 -0.54648646976828175      -0.91607202317356162      -0.31582131180266582      -0.12989651647690600      -0.74564227540977224     
   1.2181348864948862       0.32650598424667487       0.16448375588197423       0.82845217745524746       -4.5414297799920331E-002 -0.34927279539463235      -0.70577381489006996       0.49779518562782032      -0.23631466505691354       -1.0538439680741745     
  0.71794615242898574       -8.6271514155822751E-002  0.10161881802213707       0.44282901153495241      -0.15614556983457134      -0.50083315588410393      -0.62651368532258433       0.67111475191927983      -0.31936054622788285       -1.0269238150290094     
  0.94100757939153457       0.12744713550076944       0.23504060936651622       0.84646265325587389       -1.7310981282318137E-002 -0.31653225548504743      -0.90868988563850317      -0.90982713657595704      -0.14787974653044195      -0.76034601897139364     
  0.56552740454161854       0.41514220983988320       -1.0088519259118258       0.80721424282020549       0.26883113069073067       -5.4007682634973665E-002 -0.15243561820156420      -0.74944597133712698       0.10110760787013159      -0.11855840219600078     
  0.17257692455963300      -0.24265254529456318      -0.87128934909515299       0.59726811389460654       0.52124353001184698        1.7411792281680338      -0.38434843975119332      -0.64697713850180305        4.0211160378899269E-002  -1.5024248681621759     
  0.26043474486697105        1.6243319381728925E-002 -0.58302649092476810       0.83501670359917612       0.40041937010358641        1.0335161863650411       -5.2393258541823223E-002 -0.35340336466463174       0.12354654417870307      -0.79192584881550487     
  0.15279724743723139       -5.6598387726268108E-002 -0.73195243923100628       -1.4578659348152873E-003  0.54246992952368123       0.40972320199218171       0.11979727004296341       0.87043204424232445       -4.4781868930652745E-002 -0.51233144339468972     
  0.39171570572149789      -0.20548112080903216      -0.77904531024782131       0.16509947911509645       0.78237522626583600       0.59793770348590103       0.13961745735934677       0.85896239767790472       -6.1275260489635337E-002 -0.62727942439036088     
   9.8999698053058638E-002 -0.40390657994659368      -0.80125944526114146       0.30711705393275557       0.77245717667066938       0.54267765527166278       -8.6260738972364828E-003  0.80077612711191559       -5.1441365237483529E-002 -0.52215565667392050     
  0.21849067169073674      -0.22073274105042265      -0.58211122662077264       0.59819280021092969       0.88036399550455324       0.54011733581440657       0.10003559666146886        1.0308947090389682       -8.4861232375382484E-002 -0.43180644596560031     
  0.25415911271173708      -0.48209780747373643      -0.60073554108135430       0.50904176077686403       0.52816745549577093       0.32920646814484744        9.9342720111240054E-002   1.0490957530321958       -8.3474022590740021E-002 -0.13669387111159301     
  0.78904743467843086      -0.48639688154938016      -0.79929364367020694       -9.6927337278923165E-002  0.45081274293746254       0.19983355061706687       -1.0874232073987931       0.52649394984288911        4.7653449227187852E-002 -0.17109443476302763     
  0.72398706411823188      -0.37700818629425054      -0.64982295118276545       -6.9402667186444153E-002  0.42303820666530284       0.13155975689324101      -0.84328453882721111       0.63765772396704512        2.7318784062076426E-002 -0.18976084448655134     
   1.0520204801951984      -0.48397774385927389      -0.52856628506640790       -9.5460679490103936E-002  0.16291631507129209       0.57502675500407108      -0.79793138274525699       0.69415394237531680        3.9342702598969430E-002 -0.26339399506936234     
  0.58935838474650593      -0.37148250711522035      -0.86679318220241042      -0.26336597603347162       -9.8017374489225470E-002  0.24654295338604573      -0.50229785346992095       0.62750203586553777       -2.9637114946267307E-002 -0.10952778871786537     
  0.87534362859461046      -0.58964142835516686      -0.67912780227202618       0.17327265634698841      -0.37079056500006730       0.29380845265282757       -4.6086170724549081E-003  0.57737608389284578       0.43901116055250328      -0.15235479861765919     
  0.56370997285485591      -0.63012506401656065      -0.94889246479665768       0.36033847563899035      -0.47810790073929554       0.83831021821293239      -0.29861043330226095      -0.44751167633221622       0.47057456029680750       -2.4691499678909695E-002
  0.44510936956848079      -0.43436476657237805       -1.0007821579929423       0.35902860991586871      -0.73882395859312922       0.60941133843164497        7.2027950264394763E-002 -0.31547702113663650        1.0512159422677245      -0.14128085771553600     
  0.77776904124000845      -0.87695957765901722      -0.37504957001676253       0.47180950721061804       0.65035869615002750      -0.41135341914210216       0.24760452131456639      -0.10730181485304804       0.52508995105932277       -2.2684565555500182E-003
  0.48516513818196100      -0.30943772427557342      -0.18661983964759571       0.85350618054839444       0.44305991536438144      -0.52996711260484997       0.17169825012829720        4.2173728117493391E-002  0.29793651164175422      -0.57801018503821489     
  0.62135154764914002      -0.25189257043303920      -0.38899518200850969        1.0269888701737973      -0.11382745888948137      -0.52351944441011034       0.39011284608110797        5.7410507857017595E-002  0.27149249691928778      -0.60106611311299485     
  0.81749405818893484       -5.9828248076712630E-002 -0.36675371274312574       0.91048806024352791        2.0860427689947565E-002 -0.60080514286741127       0.47937409979577461       0.16520620599256566       0.45425856279009347      -0.90814133169751321     
  0.34641914160675469       0.31566968303627785      -0.79791107220909852       0.72059070231527633        8.6014521163388993E-002 -0.18728866167771333       0.87852609167579521       -9.8090528549901364E-003 -0.63607921734025263      -0.13691307733768854     
  0.57222120854862490       0.53020063245242210      -0.66479730810546112       0.71033112945393218       0.31894872608317743      -0.28423783103045952       0.91700464578971475       0.17834232789746499      -0.54829411330785172      -0.20192943946534603     
  0.36706661148168857       0.78756911621833103      -0.99280776981455965       0.55047585078450600      -0.10671452398050275      -0.17967371386548886        1.0188821167152229      -0.59480791644743392      -0.43305909336604093        5.9305151851558206E-002
  0.26105985681087113       0.54904373883852631      -0.87214802352196574       0.40387162773338586        2.5219517648820571E-002 -0.38115814534219666       0.88817071878203913      -0.58739607595585563      -0.51059982314223984       0.10865920428099424     
  0.24224844789719208       0.47329664907520724      -0.65982448533213378       0.38474990682145410       -8.6391477610860690E-002 -0.28462152839222321       0.76133801387066813      -0.60888902093371822      -0.34203923231295491        6.2221882281191659E-002
  0.25550392535134825       0.89217787629911649      -0.73334802167108626        5.3500804373326646E-002 -0.65067403847865457      -0.10485141757765637       0.69519525018768491      -0.45664570196395221      -0.18090019590257717       0.46499852788858370     
 -0.62728261082816239       0.73619106740885687      -0.90309846199542931       0.64624320728069917      -0.33918879786206213       0.15560473539459432       0.53058354770173910      -0.27625182546765048       -2.9190155560773152E-002  0.32713067160819576     
 -0.46992651255915802       0.70239104127211061      -0.65684948541468546       0.49231608620544853      -0.32448414467423869       0.10420524005626788       0.54223319733858977        7.6268363902277744E-002  -9.6108958340551595E-002  0.38815998899550330     
  -4.8649399697692601E-002  0.81064294465785991      -0.93801920669840744       0.65491239027071957       0.26374043012903836        8.0254408830756088E-002  0.49283955379339506      -0.41898682396741838      -0.58443379869889267       0.19991381070881653     
 -0.21414257339379322       0.86491832405810198      -0.36411574053864149       0.62102324555374699        5.9496669121702782E-002 -0.11449254341128626       0.26859102312752386      -0.29645774134954256      -0.57858810611543610       0.17874994103884950     
   4.5108121629692821        1.0134871484059940       -4.6651003033603518       0.66330974851885116      -0.54150361302888339       0.10329110209844930       0.53009877162946573       -1.0376722031911068      -0.86509666731469226       0.23310080055593274     
  0.70004310908328427       0.32053792012742888      -0.52921379881174491      -0.75617540951352991       -6.2055967369230676E-003  0.25520620563016377       0.87307457673335676      -0.20474046622365819      -0.17921738624648348       0.14667592773945046     
  0.51426217752071324       0.63559193263099345      -0.50954809687933156      -0.87523629047169837      -0.19503416828765893       0.25919724440100156        1.1950893744929794      -0.33162242203416270       0.12412298386264156       0.14650232627998036     
  0.40026837879135074       0.58978518544010883      -0.45065011938308430      -0.93757424939364331       0.36063486999299199       0.12671506761944770       0.78480162008486831      -0.34400662075243005      -0.29930036802714122       -8.4472347372698230E-003
  0.59146260416689400       0.75272221378460380      -0.70893161988525200      -0.81124340861113586       0.27262528214940590       0.22033647820407729       0.92989164264426794      -0.45434531493573704      -0.25548766884903817      -0.18755712467307797     
  0.46209120267480353       0.69830892809652823      -0.32728598096292949       -1.0370392166312776       0.27361643351606380       0.13508981581236135       0.89165395094542588      -0.99020131319763360      -0.28610549003785746       -1.8455444092902989E-002
  0.40496940870145731       0.45774576631458841      -0.46127670161917672      -0.86991367993500790       0.20834024701328865        3.1369052679762553E-002  0.68345828135080544      -0.53986965517628327      -0.31500574492758981       -6.4647042041466971E-002
 -0.15149011898681788       0.49218951393202626       -5.4684557254926665E-002 -0.81440433810903190       0.31342649478068990       0.63450924741039905       0.81089119395592046      -0.71782935664342240      -0.30463647581479281       0.10949869202280427     
  -5.5426977949694929E-002  0.40745619794978122       -3.5276207837647787E-003 -0.55884103449305911       0.21275374390951715       0.49358870693606932       0.75288755785655403      -0.74331511510063264      -0.39027376548737985       0.14339273954652620     
 -0.33305004250009240       0.48374885257776074       -9.1527570440554873E-002  -1.6509118277111285       0.24190039381753625       0.10094809536265903       0.54070374416909794      -0.46813102845629878        1.1508787480107001        6.2921178509366280E-002
  -7.0108230335776331E-002  0.70135404342974639       0.15154851267739902      -0.54293855120023493       0.26625938612599659       0.10058161460299961       0.80176978220432515      -0.28735124100224430       0.41670244876612861       -6.2245010160928732E-002
 -0.10661160843478169       0.18700583909426557      -0.82764709353316035      -0.43321466767615446       0.79654402964714188       -9.5157828783440819E-003  0.49364461391189779      -0.19226300667020099       0.11956894521594386      -0.28347333530618873     
  0.18749691359967491       0.50469643576714918      -0.77994334605862337      -0.67211847459643681       0.76972633213135955       0.23135237493058985       0.62144451370229981       -3.1348367898558549E-002  0.39855466796321692      -0.34868038022052289     
  -6.4658999605998635E-002  0.47229110488340692      -0.58994685477015552       0.16310040638330753       0.43584133422523486        2.9227287707121324E-002 -0.13985812137625900      -0.46910042589395412       0.34901419462505973      -0.73966679596057994     
  0.21489484615261528       0.96279509229998395      -0.57345347446914241       0.39675564681703390       0.54348007908552554       0.35193923463581867        1.9100070312378556E-003 -0.28493517907939131       -1.0289796984909663      -0.71421710415612627     
   4.0993764781507923E-002  0.83315290180793933      -0.39882610502877419       0.23308606408073568       0.61815504961487466       0.29651381538292726       -2.0611520756795898E-002 -0.20421374121161109      -0.59006401645384432      -0.79509139616541635     
  0.11553297108475236        1.0329860346974480      -0.29234694671338596      -0.23112398870039333       0.38202453729943014       0.44390559545287678       0.15324577411893089        2.2253544220976196E-002 -0.69880815347027669      -0.79165591783047884     
  0.10538979178313097       0.95985936026933960      -0.57434374667506338      -0.30922229371942672       0.52886223306103275       0.84516799753597704       0.41365993012319674      -0.10731402703261374      -0.86696022298134967      -0.81621437446702461     
   8.9071974120538175E-002  0.87376756693582003      -0.57017105275338398      -0.34208878497249179       0.23831452899540118       0.71387627051214642       0.12702096150859837       -7.2654739028072970E-002 -0.91970481779838997      -0.45823871690521328     
  0.15035852085420520       0.85343434154484799      -0.58622392131422796      -0.26891690815055219       0.37859956743996848       0.71791555164767695       0.33993934521230623      -0.23818169948972828      -0.72172999944509353      -0.41939220191694693     
  0.15673383022045795       0.78226714184356028      -0.54242669725975123      -0.22079516494805015       0.57961022218329172       0.72313484319369681       0.51051886289296589       -4.6398720343857953E-002 -0.85180094232227643      -0.46132380291097691     
 -0.31250056277891469       0.61040298087909173        9.4930976168623282E-002 -0.72187139857711780       -7.5197591024311450E-002  0.85928897641178170       0.34284168047142050      -0.76530623305947687      -0.48152668795216963       0.24587659497081923     
  -2.2181358439799164       0.54838172923350981       -8.0187368441860238E-002 -0.42654181467996261        1.5473869136909928       0.96381066435107776       0.48445984784641433      -0.74826753244026067      -0.18765535955338911        2.4437073066187330E-002
  -1.0221344618263351       0.44759059086543024       0.11087311747281259      -0.25312088575325170       0.98672181622397714       0.72703802342550838       -7.4343104526725698E-002 -0.46890482512836001      -0.22667000157719239       0.38581595046966582     
 -0.93793089382705319       0.31267962391717746       0.33929628834340647      -0.33722054186340783       0.74745991479812801       0.51161956749729054      -0.61100133556457070      -0.64486456737960351      -0.14896811971256219        7.4889129339271665E-002
 -0.91330925991129586       0.24748498348331346       0.45646229572906510       -5.9181997957360774E-002  0.90464567952157093       0.60700222877301158      -0.40844629074253025      -0.42922864063015970        7.8019525812773952E-002  0.10295166398802670     
 -0.92812390656197163       0.14558132277478733       0.34901797229987935      -0.43313481492198197       0.94162760294381354       0.67816100775188426      -0.36653464772940597      -0.56543248449105477       -2.5316012775060338E-002   3.1664650089265188E-002
 -0.82137578021483004       0.30799915246229176       0.57126604402123604      -0.51248272566232655       0.66248354929372166       0.82249015252059332      -0.33739569283088738      -0.91860409955145983      -0.19279604349676016       -6.0141670329354628E-002
 -0.42654603796300677      -0.16722064870277373       0.35873456439303270        1.7202290475520014E-002  0.47895752670594977       0.69325399437789192       -9.6756115748479837E-002 -0.77635499502037941       0.11634941464841345       0.91971763268545947     
 -0.63096925378070057        8.1551537113007375E-002  0.21927735396657277      -0.21420977930437590       0.36235372232082191        1.0083962472427876      -0.54077386735989563      -0.80317418135314556       -7.3840563142095958E-002  0.68586584418257412     
 -0.62124482275413473        8.0851143634907752E-002  0.24790959384164690      -0.31859748612863403       0.73266402474087400       0.75790408336934489      -0.37241837928419091      -0.85644174559508524      -0.20604698825004469       0.45133112916793783     
