  0.76473407983284469      -0.53890626617080784      -0.58870480725753882      -0.19352930767957799       0.17379532218422658        8.3962129532630603E-002  0.50757710928572253      -0.17317576245969787       0.40314704853079625      -0.78634080424145336     
  0.65386360815452194      -0.44128080785873125      -0.58963962705909112      -0.19342484282602038       0.20697440087194344       0.10644748574650674       0.54102916386481170       -4.0649393335905580E-002  0.34648608826010036      -0.73384162532968911     
   1.0242313129313756      -0.39205946056438029      -0.50071160608623599      -0.23141095373641671       0.23402668561718626       0.15079295583306765       0.63069079163421293        1.9014288849455135E-002  0.53080714258719697      -0.93154598763973750     
  0.94155562323251474      -0.44258036115931026      -0.53020907198701561      -0.28907673148947266       0.22223215165183932        5.5453737139545121E-002  0.60609271596787162       -5.8456508443613345E-002  0.43675032201486708      -0.77947931302738638     
  0.87096090296118767      -0.28868217432351556      -0.41359351991211302      -0.16437538434381041       0.30865649828096281       0.17878751598446257       0.62615242303857566       0.10331891871590497       0.37399483545391332      -0.72489932216973241     
  0.76453946683616336      -0.36392223745489694      -0.53867103218077594      -0.26034955352824440       0.21557401980296648        9.7885066874099397E-002  0.50182762776671519        1.5696493815076522E-002  0.37270562874369711      -0.76249524380134415     
  0.79407410471629913      -0.48619679088390561      -0.55874036351861167      -0.13688305738517761       0.14528848562087032        9.7452669020721860E-002  0.51332001202679922       -3.6233110022084972E-002  0.42246819612856579      -0.76552761820305137     
  0.74483850179230926      -0.45096347184045144      -0.59622573778383947      -0.36454840985775222       0.22795331943746588        4.6187045745180823E-002  0.54923843662135419      -0.18300268306226561       0.40829855498885564      -0.87090340546475398     
  0.77447460002696089      -0.47246953730681907      -0.59949138544397684      -0.42794377381035059       0.28197109740965653       0.14514295926502585       0.68593888767664157       -6.8861603948850159E-002  0.46725192083555550      -0.88476769098569430     
  0.76561862176714579      -0.46058298985891388      -0.60475653164578447      -0.25940786748302325       0.10763718867353007        5.2235804664288704E-002  0.50374282505324652      -0.10638748431833221       0.24356748963149380       -1.1123339920544737     
  0.68794664544998274      -0.52670121090342370      -0.73801993467604687      -0.30629598709350669        5.2592597993090483E-002  -7.5252169852008818E-002  0.46872475465293889      -0.16060330810288320       0.25587196356179281      -0.90356302774284369     
  0.87851429398327030      -0.48542944904275109      -0.54327259819752516      -0.27281607001061109       0.31145216564893746       0.10313501222164592       0.59480269017564558       -1.1551997578989389E-002  0.50053483886070016      -0.85553938295836662     
  0.94557572551354241      -0.39465444964744167      -0.58767532102997289      -0.26442702752227004       0.18941573305328729        5.1281538237363415E-002  0.60872241931905235      -0.16200812876257753       0.27691209389648686      -0.70510379849639249     
  0.84730869826781952      -0.44122454690582291      -0.77935498330214048      -0.25695258886673999       0.20871429663412047        3.3079386692106076E-002  0.54063956485479470      -0.13542955212603094       0.37855529469512361      -0.85766436429550785     
  0.99062466555646000      -0.38308764214285773      -0.73642182887932450      -0.23227352508455817       0.30281406094232716       0.12674588686813681       0.75291294703165990        9.4640947494703583E-003  0.51035453340494563      -0.94834101581496355     
  0.72016833764882815      -0.24585633872302665      -0.47930457797291515      -0.13597391875427742       0.37129318760883845       0.20584581045290995       0.62690092841293765       -9.1506522177051519E-002  0.47422081911654257      -0.62879820973969525     
  0.94044394937286191      -0.41741439311479367      -0.55682969378929648      -0.16779336996022143       0.29643810176209739        5.5128166158893661E-002  0.65449329375391274       -2.1708655980141343E-002  0.50027450675086316      -0.84816021482582549     
  0.70451402744403224      -0.44040603340878348      -0.56068150960218277      -0.27487154899862098       0.16230236724244590        4.0447497348442885E-002  0.59653795873433568      -0.15551698387497867       0.40545967271436206      -0.85442329069004019     
  0.91296507110936453      -0.35932750610249609      -0.63687887984383729      -0.24185502331614764       0.30461268824912352        4.4273592013226351E-002  0.61514604328430278      -0.12942268543319049       0.52817404336651064      -0.82701794434616438     
  0.96078378817302246      -0.43866507740921529      -0.57137446368673850      -0.22877771850455439       0.24704154408713855        8.6777890389919718E-002  0.62273758443610683       -4.5760918028326013E-002  0.39465465207039074      -0.74362751728200227     
  0.83060588749345088      -0.34106042291762256      -0.67582718729227975      -0.10002644193692409       0.36426604466906565       0.17752590286801206       0.62708890951373808       -6.8948329362496216E-002  0.52179156020609840      -0.84685265034756374     
  0.85477133248013293      -0.50486105706964235      -0.58649643643768490      -0.18669153364861449       0.37528824217929685        4.8773244398858072E-002  0.61072403854870960        1.9833246196609072E-002  0.46931768322282791      -0.73930952577689646     
  0.83073997496927832      -0.47535184212428372      -0.60274883898628506      -0.20085041305120183       0.18621075864427813       -4.3602980272240924E-002  0.50666427351729648      -0.15016990367896405       0.42371231366051476      -0.75543179591497289     
  0.82286637822424979      -0.44242778602761934      -0.55747096592503698      -0.17842589702935774       0.22932383421226085        6.1126561441335173E-002  0.44497428602626021       -2.0421292507019906E-003  0.37060187179687593      -0.80446999206773573     
  0.77177171167021208      -0.48636865110088734      -0.73982518545320841      -0.35074441690452557       0.19578646177023665        6.7067787726930991E-002  0.58852228562465481      -0.19543718821864134       0.47311789855977210      -0.79386476019379459     
  0.61931316679615223      -0.43942788506569830      -0.55004893854025672      -0.25434971880211493       0.24183262201362338        9.0369539406012972E-002  0.49371535411824718      -0.12436339314949829       0.33569534486593322      -0.76131636364901867     
  0.83676386264758196      -0.32750450212424448      -0.47522852960004108      -0.15178906495573391       0.26450953353310452       0.10042308725385642       0.48613842160083887       -9.9521150644846054E-002  0.37282347989599129      -0.73504501268505162     
  0.80590155720463041      -0.28021768025023253      -0.50066204131711811      -0.20640458500104383       0.24042977716750438       0.16966407080355697       0.61188238722146460       -7.1315010031061821E-003  0.41491168824944341      -0.84187774022553929     
  0.66323172259078178      -0.52667845981561801      -0.60498278279545892      -0.16767046669122354       0.16343244795323872        5.5226156730734985E-002  0.57348852487268553       -5.0401819025795047E-002  0.24795205593966435      -0.93173470639370892     
  0.92265516105634049      -0.39680869715430050      -0.62093770793639746      -0.26404511229200711       0.21777032015659481       0.12577309911174142       0.47955903767297586       -4.1530935358319677E-002  0.29087194372651576      -0.84574793468334775     
  0.68579363424126449      -0.43006845317614745      -0.72043558831745769      -0.27250310586549703       0.20697941608034001        6.5710968860594174E-002  0.55169961508608767      -0.10122846830847537       0.40216835187868888      -0.89726362872200227     
  0.87673961611027218      -0.39464588408438706      -0.70874982252933172      -0.33702713029249504        2.8935402603222395E-003  -5.7589625509628518E-002  0.61045711482879772      -0.12729903400560877       0.34024736856036791      -0.83515400273779783     
  0.83803958805876222      -0.34180467989012492      -0.51304230797049266      -0.23866836392749569       0.14878287376190769       -3.9529767920996335E-002  0.49360370936176251      -0.10786824538124960       0.37653533878662243      -0.62587910550000136     
  0.90933397643506464      -0.51034058593115794      -0.53195134344647588      -0.16607692972460775       0.27617248891432278        4.2227380176372217E-002  0.41774806357106242       -4.6760151046159604E-002  0.36724535535107589      -0.75013009400171182     
  0.86958623884118758      -0.45610630097526561      -0.53598278287705170      -0.11448219355798986       0.13269577858607556        6.5536465187127010E-002  0.50451391844802262       -5.2703216650686079E-002  0.30488745166022263      -0.72363992784072140     
  0.77738551926265997      -0.47096200915208680      -0.60155972940566982      -0.33974712222628783       0.18152378391464111       -4.7771224455791413E-002  0.62087238497204356      -0.23678932216401219       0.38709765130534785      -0.90412587744556250     
  0.83625240197237416      -0.37980971303215733      -0.53990994349631183      -0.13893291065937280       0.23451887476118774        7.2714852094378959E-002  0.51854829679171344       -8.4139610252608243E-002  0.30946666758003261      -0.80487972157656207     
  0.71001341530507867      -0.41271778538404741      -0.61850167844446924      -0.22444239252424431       0.19857269116576509       -3.2584166325555261E-002  0.43567858075261734       -6.9364600053976336E-002  0.27086870789669099      -0.78157112896050973     
  0.81358635792727163      -0.39996715624556156      -0.59418029215064438      -0.19345327350239977       0.22522862878790087        4.9827392053125509E-002  0.48648684885308319       -8.5173537688571097E-002  0.37008960375360050      -0.96932204447764181     
  0.87111238599501373      -0.38447582403303515      -0.63223214451962040      -0.30931355913278918       0.18779296996891404       -3.7350692075676532E-002  0.55938916357649826      -0.22534612068440790       0.35192650119921698      -0.94996376224100987     
  0.79685569972541737      -0.46915102221990934      -0.60544504144730138      -0.38146078384924326       0.11917016001591844        7.3304280478136613E-002  0.51047789505788965       -8.6532047851570898E-002  0.38716570418965240      -0.92592473564341948     
  0.97144545502981783      -0.23066548071448614      -0.59158841353094760       -4.4419290895852448E-002  0.27351757198366311        8.2246976103740613E-002  0.71184980428415112        3.5513626008627786E-002  0.45291018535285804      -0.77511360031681742     
  0.70419369972583856      -0.31978984849880032      -0.60347899296979435      -0.18906758218432018       0.27151383972248899        6.1181364398934915E-002  0.54209903852967412       -5.8561630356980816E-002  0.40763344479652125      -0.93371245733842978     
  0.80832220435047475      -0.33812721330767148      -0.43283920249594099      -0.22955387853212109       0.27556961462382928       0.13546589146074373       0.62327141748949355        5.0141528052194281E-002  0.38098557301045777      -0.68835700010185707     
  0.82577621732877549      -0.55928370991543874      -0.66745335248832938      -0.23948385204372838       0.19789627397482223        6.4942386273485420E-002  0.50510249897028536       -3.5563333684236462E-002  0.42701819718639122      -0.86754505557556016     
  0.64226973894648109      -0.46167595318983801      -0.68206021719358700      -0.29484006935715701       0.13872867268962794        1.0776014976304579E-002  0.45841905273982753      -0.12681265859447788       0.37266131757736465      -0.87633192416206618     
  0.62332041229476309      -0.34386882099363364      -0.51032369362488028      -0.26598373206711562       0.13146578150190749        3.0872582628604112E-002  0.45472681658489827       -4.6401398480865635E-002  0.36050362447918533      -0.68266791776454394     
  0.93718423143341811      -0.48908864798057411      -0.60843767508053537      -0.34613561206760501       0.20855098467235203        4.8184377277220955E-002  0.49522886769209062      -0.11361115908937741       0.32731804012840110      -0.78776637062800925     
  0.58602031109902541      -0.31617929683646656      -0.67002040957454090      -0.17347797163816131       0.10673900818381488        3.1724076693159256E-002  0.40918528385648284       -7.6219874321772824E-002  0.32051019296631950      -0.73861453585533687     
  0.71602193056587782      -0.46572300465919092      -0.61504219852794306      -0.34868095290213458       0.11827778469841987       -2.3061930197080832E-002  0.43047353951059736       -7.0362849180860249E-002  0.29929807825992399      -0.84603023737015559     
  0.73388218092666502      -0.52619359401475330      -0.61360683550730977      -0.34121993798597322       0.10705653818023150       -1.9698587756470695E-002  0.52653302477197961       -6.7733343839840199E-002  0.35661268613542357       -1.0355716433457633     
  0.54812806344373777      -0.45485555787531001      -0.55936178474412346      -0.19289213724362803        9.3069591416250610E-002  -2.5726840589835667E-002  0.39103722610036451      -0.11247100431144101       0.20666383733150398      -0.83612075634580918     
  0.83654732234105023      -0.47838468443073306      -0.51540871335986460      -0.32194732203824949       0.25786705094949203       -3.2414319287140114E-002  0.56507452876040987      -0.18030666409941554       0.35390513643113730      -0.68086410665573127     
  0.63161922758119682      -0.35840492967890047      -0.48644937569235802      -0.21884822051344424       0.17765622972415909        5.1539674109811126E-002  0.46102499395370505       -8.5965517294914945E-002  0.33817016239180164      -0.87919186724313658     
  0.99972845319774140      -0.28715460782677243      -0.52177147569204096      -0.21623118824144927       0.21688087474284240        2.8415076728240445E-002  0.54560402064068414      -0.15554952742731210       0.46013343288337516      -0.92384570113605990     
  0.81005284649387788      -0.37950367923843320      -0.58588223926352379      -0.26232201683311585       0.16569815714878580      -0.17543518538904304       0.47664066380068304       0.10522072817894583       0.44176814538011716       -1.0550808164030305     
  0.81455103552293495      -0.38573169292471760      -0.59413706934391664      -0.25250093624992720       0.35697994432449720        1.8858210572948276E-002  0.57908852156696411        8.6359911834819669E-002  0.43417413409555528      -0.78317737229456141     
  0.78720303952226967      -0.43988391626781814      -0.78874379678643425      -0.19692710875340222       0.13571155975838481      -0.16814025713586964       0.54698520283066965        5.5812377053539534E-003  0.32306134911371004      -0.97149018561252187     
  0.64116478141953004      -0.46027219256215368      -0.64425034433679440      -0.35516995571969812       0.15344447578809597      -0.21565271354783588       0.55586898258111928        1.6596014499599347E-002  0.35750807116925176      -0.79388007700402830     
  0.90196864856174064      -0.38077910910077589      -0.53083227698305580      -0.28926947495865024       0.30978951303886049       -4.1556889594695716E-002  0.59023662754451667        3.9525549940731514E-002  0.41916281178398257      -0.80980748558385351     
  0.67282679663089073      -0.38311309515997161      -0.49895086682947232      -0.21024528873605208       0.29319367464635593        5.0300311528852729E-003  0.54588589049119651        8.4018682001845854E-002  0.41050587990803789      -0.77105421769489002     
  0.82361005895975381      -0.45383086302807296      -0.68184359004335060      -0.39305564758204087       0.18978780988684235      -0.16342663896565832       0.60593183292595154       -2.7978826315974013E-002  0.44821528807236416      -0.70362067928423921     
   1.0301898516999528      -0.40486474130204109      -0.48828499737137981      -0.23429580943200665       0.24063095247391980        1.3786457378274667E-002  0.80963394061666516       0.10632570961983137       0.44929410227368111      -0.71814684184488831     
  0.75575242870724346      -0.42637455707892219      -0.57016780619397411      -0.23719231503121163       0.23041774248823635      -0.10813944813556335       0.61426813356608778        3.9264627291257688E-002  0.40093367177424194      -0.71162443335502867     
  0.69624231467436359      -0.29179028912897059      -0.54190916827941626      -0.20712646294128728       0.25490550805373896      -0.19403619969202379       0.60983882341298279        9.0768098504406217E-002  0.40761884829592726      -0.73878692826362957     
  0.93763183125189786      -0.32121480223096299      -0.63047112952810536       -8.9324898089192639E-002  0.34444792840594546       -5.3565285783771458E-003  0.68468746229538036       0.17675539730280826       0.60576006645917868      -0.74978868035085500     
  0.88060992879380706      -0.32963205877905438      -0.49303671061932491      -0.29228790961987883       0.19499497934743815       -6.5816905888872831E-002  0.56357938985496159        3.5026495346932550E-002  0.51206368928189550      -0.79965736612981697     
  0.72544278155012343      -0.39730273922593856      -0.60154405607542294      -0.15760361670719678       0.21264691737849961       -3.3157438906976457E-002  0.63998074417418760       0.15701335581260981       0.41194602566496141      -0.86296442502540527     
  0.97232922814164879      -0.32308161646553929      -0.41305306211012638      -0.12355840332176744       0.23479935899166621       -4.8182523858875198E-002  0.56780600561373462       0.10872086768434262       0.44149590218481277      -0.68774358663023283     
  0.88287661371945958      -0.37901196589603126      -0.55702432608889185      -0.23078479105868291       0.34274214331921432        7.6521547807587409E-002  0.66715338101671695       0.18980403529774678       0.38389491403648268      -0.76583383095613278     
  0.88559114356399959      -0.36240289085995975      -0.49029956885392645      -0.24389663477416043       0.23908403731583006       -3.6679654312233495E-002  0.56089624160723728        8.1395146030432713E-002  0.36203831080217214      -0.80288738167260876     
  0.65477482593073311      -0.49584080265077662      -0.59571959379028261      -0.28659948478551484       0.29176160939341705      -0.12849166685471788       0.51901012058064089       0.10671954281669747       0.37196960401865042      -0.77922572160674053     
  0.78238247830383789      -0.44702253494487737      -0.64140725976418667      -0.29882461014960948       0.12622530785770603       -9.2192098221771462E-002  0.56116355959040176        1.4955592942215608E-002  0.35098276714414844      -0.84755611002512421     
  0.67397460969615242      -0.42552642388879641      -0.57377567138808816      -0.36260133801626404       0.17976702412378104      -0.19319038631586069       0.56182683582149295        5.9782561985795790E-002  0.33017232035040367      -0.74813137031863630     
  0.78644332133142303      -0.43386266655091799      -0.68350782669969912      -0.18907816134811234       0.19404897201599230        4.4673065771739014E-003  0.58870044697084267       0.10160040846179234       0.43386959999708358      -0.91416519197254598     
  0.85942506330669477      -0.37097672198590237      -0.69473788675475923      -0.25683235878347777       0.22662243144135910       -5.3219805553414490E-002  0.74536011867425933        3.8972302293097331E-002  0.46271816758917789      -0.85558103889854553     
  0.75514663175095142      -0.55429455664651550      -0.60942780913851791      -0.26324545072529720       0.28019219459202599       -9.2357182284584755E-002  0.59092949350545843        6.2626950730988909E-002  0.33295447699698122      -0.91725688640730207     
  0.91178477022051441      -0.41077419268560328      -0.56759739096578277      -0.28473745573968023       0.16375487433124203      -0.10316547413112366       0.46990766555526586       -1.1486238228433190E-002  0.27611999162824707      -0.78301773658981011     
  0.65497101890522536      -0.42275844392382511      -0.55864596643534481      -0.32149655574111913       0.19993467295004647      -0.19005569242682377       0.45243461885708630        7.7697616808451775E-002  0.30149694962575951      -0.85267782644771573     
  0.88004367402048334      -0.26341552170339866      -0.49819333634470597      -0.11993911449835473       0.18663605792261884       -5.9547638707575797E-002  0.68024143267806225        9.5707407166411032E-002  0.48697115944540020      -0.83689551961129238     
  0.84030406527597834      -0.50099495209336009      -0.65012809956776207      -0.28028518788361972       0.17817037578555212      -0.10922542009326817       0.52354517211642959       -3.1370517496735688E-002  0.31936236542739771      -0.68556392843906722     
  0.65565704097275790      -0.31119110888728391      -0.57165718774410945      -0.19602179594343022       0.21830732303880340        2.7788386450198831E-002  0.44503651115999310       0.16799197365582128       0.26953120544780201      -0.83866469524753973     
  0.77453740538205784      -0.52229447572373999      -0.60811364008748059      -0.27200719248184896        9.5460559741640721E-002 -0.14678569192598945       0.53814064275445961        7.2703399148565445E-003  0.29264379464149637      -0.79595059986871397     
  0.73676733795670479      -0.31266464175920144      -0.60169740958557949      -0.12286022868065066       0.26054355474923363       -5.6939385833240312E-002  0.58371514412667969       0.12252976472835445       0.37373638437916040      -0.86970453548220994     
  0.73790785684885307      -0.43932999754368640      -0.63837528717237291      -0.22919158762003142       0.20675540004582718       -3.7543161459311310E-002  0.53693629313351543        7.1865538416709382E-002  0.26314857874369701      -0.94418284089932214     
  0.86890444993874671      -0.40048029127025409      -0.66814793490798730      -0.18332236740568708       0.17185190314733007       -9.1356728022641262E-002  0.57173463453117468        8.0632301045445706E-002  0.40259320091781570      -0.82549605638447354     
  0.76907399392860554      -0.46564175724272272      -0.66907625403624449      -0.17520792468699575       0.23523261787795904        3.5238583024543163E-002  0.61700109416401339        8.8495563459514801E-002  0.47343085244920619      -0.80874601897017440     
  0.79452072499391524      -0.27861396898155838      -0.58335478703563659      -0.21065336993871325       0.18305004729260638       -4.1715869662123192E-002  0.53919552427953010        8.9261651390838397E-003  0.35014693565712252      -0.73863620758492277     
  0.64422440721877594      -0.41627955339955397      -0.67561305158861340      -0.37072440522448818       0.28021727694798521      -0.22389062693569095       0.49794056693414540        1.4405901987733833E-002  0.34149182112201160      -0.80540631053615475     
  0.72250390610451731      -0.54811976358916092      -0.63112494392864515      -0.31498316977879764       0.17148295133451763      -0.15887876559047029       0.48308927776822735       -1.5194007848881086E-002  0.38904005796285490      -0.81415221981345687     
  0.62708653954081761      -0.38147969522321673      -0.72832934980137487      -0.28002983123870956       0.20770077578490703       -5.6837424938194075E-002  0.47956836111568824       -2.7421217886505048E-002  0.35663828078874216      -0.87505690882139586     
  0.77763283680583062      -0.44013787927963233      -0.55327548737101895      -0.24682675657939296       0.17895628554968890        2.5419808682800155E-002  0.73035282116658795        4.8393730056038642E-002  0.50922670131442827      -0.77075282168082648     
  0.79540995337901110      -0.43577367162065661      -0.55336500080644058      -0.29957869610329541       0.22168501852610437      -0.10867569606313651       0.67133516461976783        4.0450829749339254E-003  0.38367557619675691      -0.69576644358930051     
  0.71409975249902169      -0.45773572994403933      -0.68868007218103622      -0.32315609541094281       0.19017698951167644       -7.5474737312541423E-002  0.61625211673134628        2.2070058186134799E-002  0.51261194322173542      -0.92837752094231585     
  0.94550202439038045      -0.35367381553277788      -0.55566250970863840      -0.25369900400591983       0.29527226440349646      -0.10323496188665440       0.77988369204116381        4.2805200766379864E-002  0.42239690642882710      -0.75452799645830382     
  0.82240167996948610      -0.24453882827147191      -0.49282025423982745       -7.4269772673339091E-002  0.27836947921461908        3.9738282194098209E-002  0.72312993748271737        6.5733061125629044E-002  0.50692040949390660      -0.76813406096401804     
  0.87312662618251879      -0.40760270705084845      -0.55288465251351782      -0.16094295587268476       0.24664588326912232       -3.8672754185764199E-002  0.67959062712905083        4.4499144934331360E-002  0.53555743071359296      -0.81028046007302479     
  0.90379045714882367      -0.28969529976705100      -0.50311570276979067      -0.21997633019168672       0.27828116250622187       -8.9167699278709947E-002  0.56549404997340103       0.13874527554936406       0.39088646985436176      -0.62792411054737307     
  0.79239011430663475      -0.49579585144395366      -0.66174380756177065      -0.40688160727787170       0.21253573413970828      -0.16438276936429869       0.52303278501223271        1.3406260699607250E-002  0.30872910973445150      -0.80820717891210214     
  0.74155988995740518      -0.44801864187477847      -0.65561886564545890      -0.18937021557690414       0.26046922342411194       -7.9941078437068241E-002  0.56589079729438729       0.11005607894335133       0.29980566359598509      -0.82726819270850294     
  0.90919190127175575      -0.40616370436798632      -0.53566329198428841      -0.33066895991284406       0.25663388848988344      -0.11811118868376901       0.52961096664373652       0.13017896288084602       0.37281513934094446      -0.69534832740978414     
  0.75637510288003518      -0.43957678183183285      -0.66974858585064945      -0.32792325233647945       0.34275542701237738      -0.18072012387316394       0.61064043417252045        6.0440344637214170E-002  0.44583139958257273      -0.93602334513233720     
  0.77648217610372461      -0.25628972861318167      -0.58605670301926938      -0.18418735193646674       0.14872837672186384       -6.5319866885060508E-003  0.56494164426455906        3.4217496046423983E-002  0.40627596055405563      -0.75868567630981965     
  0.80986651419572631      -0.43585561256796224      -0.51966266667345340      -0.24013311823665595       0.27567684876046883      -0.11102834535297121       0.49012881100215094       0.13027445901779053       0.36366894492371976      -0.67812810038628535     
  0.84600086904135363      -0.54108763519568037      -0.75626733753086339      -0.36122605079214221       0.22090415732434676       -5.1376518220227471E-002  0.63790151891064495       0.12095953566807274       0.39592465022603707      -0.78950997423370561     
  0.73557982556271850      -0.42373506421484020      -0.56965878495474465      -0.25236671858819543       0.26931901198404418      -0.10233340282650748       0.60034801287819861       0.11560930283285739       0.43198837360220949      -0.94084751560515067     
  0.77220740632816787      -0.23455811649134317      -0.48259583343387508      -0.17065229062513582       0.20374732929830533       -6.8391374855225048E-002  0.68686514664428799       0.10783064693969931       0.44614734006071971      -0.72248648194449783     
  0.87565057471264540      -0.32412686729182982      -0.54754813599717400      -0.10016412444627611       0.25274198953489807        1.5213941865417002E-002  0.62673032759581093       0.13904479234711553       0.50558729311189976      -0.84936546025951820     
  0.80496317769049719      -0.47634751173184364      -0.59115034266342259      -0.22556075402050360       0.19177829881302977       -9.8617765709669333E-002  0.54205877306588568        6.4595326098085548E-002  0.39629309532011570      -0.85402519248785735     
  0.78741520345652694      -0.38041614697739651      -0.67860675686454797      -0.12873231728142195       0.29330781961036279       -1.0242304164953172E-002  0.73056203539140507        5.9523118215441380E-002  0.51478276794090405      -0.88629694402816395     
  0.71412197858021154      -0.54308078536799853      -0.60830253634212506      -0.22838279289657629       0.21541718383163952       -7.1224403218451943E-002  0.66580780757275504        8.5733874797661674E-002  0.39893528694743208      -0.82174851903199730     
  0.66254725145379390      -0.36163749305942283      -0.70835985514390787      -0.29433713178154752        9.4714123882417386E-002 -0.11743473220963235       0.42886492470733867       -4.1059296262186780E-003  0.34669009601086892      -0.93779613858974475     
  0.84122063416546600      -0.34774869747600146      -0.54084401224846712      -0.21035126076744415       0.21278866434193566       -6.1525539050369428E-002  0.58829673524748194        8.9102438815123655E-002  0.40669576296445042      -0.85585225370204387     
  0.90658112872656471      -0.43990459358530959      -0.64043403257064335      -0.34536196617600279       0.11519455495971695      -0.19096663699075223       0.42751903645578160       -4.4768796672946705E-002  0.31310472887346813      -0.79216296237641026     
  0.70422293940351799      -0.48216365344482198      -0.70992504095665232      -0.21903097376347908       0.18662388503501776      -0.16467919305540563       0.64365681466517444        8.6648433221415827E-003  0.38657680498019337      -0.87246523822614042     
  0.99559754696481806      -0.29595575701261589      -0.60947805420466272      -0.17509076095499446       0.25863765665842897       -7.9789560913297974E-002  0.77134963846834514       0.13291549883564871       0.48747514047354368      -0.71136444046250624     
  0.96170081150268738      -0.49264566710323693      -0.57866572292761065      -0.17096630039943589       0.40355022328513540        3.0091145123574671E-002  0.74656432995792643       0.28296743570418775       0.59393066140444373      -0.66748711188384657     
  0.90175722548861303      -0.47256840840752451      -0.69100321141805154      -0.11010658768295004       0.32626149062128801        8.4768050724923785E-002  0.71986174311410722       0.20061271789490323       0.50734631211787351      -0.84235074453286873     
  0.82408216772563758      -0.44568212188320716      -0.66086566345477993      -0.27618647815135999       0.28969705115146493        3.0963408932410379E-003  0.56738347879517359       0.10190072175530726       0.45021284087905566      -0.87573881201400672     
  0.82485504838439083      -0.35391655216095957      -0.52655117419380648      -0.16270933726809106       0.19593134171609691       -6.7675690398132149E-002  0.60276561049099697        5.8328447989275986E-002  0.45725545231955939      -0.76260696794948513     
  0.91075931770083218      -0.45106897248000166      -0.54330541146649525      -0.20924796985071731       0.20358467423567159      -0.10786075494766940       0.69806444996424599       0.14452013867583458       0.34767413270779363      -0.69007073233879379     
  0.90454417808958076      -0.30001906209382545      -0.57789047307996344      -0.12307812946504451       0.29759161623154862       -4.5049534325233412E-002  0.58156339663798662       0.14642098762879416       0.53658845478111927      -0.86093993069623076     
  0.82652203848068306      -0.39995804887040337      -0.58017778060868874      -0.16377813337370764       0.35778713033404147       -4.0861743803279746E-003  0.57994902299893647       0.13995293220645569       0.47727397068169741      -0.63693774472131637     
 -0.87066310541854508      -0.42480090979086499      -0.46054502569279754      -0.16900275221129579       0.32356670692661194        6.8691228944074187E-002  0.99419044322289618       0.21831470657646324       0.52717048990317517      -0.52651584606558155     
 -0.76733803048901961      -0.25361954320671398      -0.40517645015488180      -0.10906732554514464       0.44937400460951593        7.2066257162597458E-002  0.94153456224929954       0.23751967031650437       0.59958985685749266      -0.57481070874813278     
 -0.68008038811885863      -0.12437187032604757      -0.28820859678498273        3.0797083328283899E-003  0.40114717701223146       0.10568943089058069       0.89358940174125689       0.25187702453734517       0.50599860435296817      -0.44566645485184303     
 -0.85083357435043760      -0.30331647937303735      -0.38534332085439726      -0.12040691609877296       0.46227399872090469       -3.3257448470031079E-002  0.79010056504190829       0.21482108092891655       0.65970823421073510      -0.65771937417786075     
 -0.74142794173146020      -0.33074497569340533      -0.42596711970073448      -0.13326910070566797       0.17660735501715577       -6.3270383882277598E-002  0.69044287879321808       0.11289756940190207       0.50481203583659695      -0.57461513356079408     
 -0.85531725260022295      -0.30341344741443582      -0.41442933322647724       -3.3072647965013885E-002  0.49569931709339132       0.13469393050694992       0.93230641968512673       0.25348125932335197       0.75978041690288278      -0.45406167208660436     
 -0.78716180191661300      -0.32523365046203206      -0.43910597556459507       -9.7027590237348665E-002  0.45518919319118251        7.6122848815979555E-002  0.82488545296708304       0.26033274459388112       0.61215125739012577      -0.55078944851531442     
 -0.84263662019835539      -0.32195572658380395      -0.44382767358740927      -0.16760881949180376       0.32051177271467923       0.12408790075842074       0.76308064123565911       0.22509892602199807       0.50279868729757071      -0.66988942366693505     
 -0.89376184055064767      -0.26286521554616221      -0.42249493703316260       -7.7883193769253053E-002  0.34621920052930000        7.3505727147446812E-002  0.81921486849443570       0.18303532591712457       0.48732459504039610      -0.55590316632004932     
 -0.83034486753462577      -0.24035307973795100      -0.44415480746122565       0.16938413436546210       0.36188451338663696       -6.7050240143286449E-002  0.76944564207773070        3.7749502052328798E-002  0.60836986608473798      -0.64496196241676584     
 -0.90557868394231467      -0.27602933050386702      -0.47101133204013029       0.12542337144639129       0.32025755432166947      -0.17327127204041262       0.82092003675457548       -9.3891351408907239E-002  0.52660802267170115      -0.83522436163773661     
  -1.0096333910191329      -0.24718881983511740      -0.57299744909786410       0.24939471702483251       0.31367807457382413      -0.19275338113807045       0.80120551944006657        9.1817595474422947E-002  0.46222584049623272      -0.66114884325466439     
 -0.91246881838491412      -0.18914792265731081      -0.38754569541275757       0.15574798369612564       0.34678907465685832       -5.8444550662140375E-002  0.77019825484565219       -4.9373827911654045E-005  0.41784117135718146      -0.58164898816869659     
 -0.83178627300856245      -0.19411231694717798      -0.34591613746209482        8.9909963703153600E-002  0.25758603184757040      -0.12463346244232036       0.73307943418598787        2.8857654676246475E-002  0.60688795449035915      -0.58630067961968502     
 -0.64620159550973666      -0.18749902612125116      -0.35865416488375768       0.30135624690916102       0.41181671503671086       -1.6974730796487669E-003  0.76110260624704817       0.11194973850748142       0.59445585286088998      -0.56617667695796292     
 -0.99068449378083223      -0.20743406884339663      -0.39926719304910291       0.15188486739984430       0.30246457434142876      -0.12051365120376831       0.80407587964143268       -5.6906529363399024E-003  0.60579788773283938      -0.68712529243196752     
 -0.95497605879495773      -0.23850373654547458      -0.54040712534125435       0.32024327912356215       0.34697122315257178       -6.0685831497764256E-002  0.66163739872908134       0.14725063739678498       0.53711302354884971      -0.80572260093820169     
 -0.87919174175208659      -0.19792688520863186      -0.39885781446360019       0.26257567466525406       0.46272820015796701       -7.9960013309874262E-002  0.92802640393385483        4.3864268614004684E-004  0.61217159290436540      -0.53311761835602944     
 -0.95479180192389612      -0.37976280249253852      -0.54644763367227667       0.10918670084686756       0.37352871096033896      -0.25085520017249113       0.76048845218424843       -8.2069443725826446E-002  0.56683905989482519      -0.65674604546786164     
 -0.81533298287826217      -0.13102229850259450      -0.36319241952479309       0.42666203707293898       0.49694636398370784        5.6596279187362548E-002  0.92572344458843070       0.21403623023091725       0.65186629151890219      -0.57306544423245942     
 -0.92980466544640461      -0.12176995368603583      -0.37187215218209035       0.21527904337930737       0.40035469938159857       -9.8779424289919066E-002  0.98560740181128803        5.0821335231357193E-002  0.87847810953753480      -0.48642724472294269     
 -0.68382165684947727      -0.15794930021903514      -0.33499936173240291       0.26824057016951774       0.50763380905696098       -2.3278293221493399E-002  0.86236989323572610        8.6646449701568956E-002  0.69539840547319554      -0.57125273539111276     
 -0.76651228129058158      -0.15259010856351360      -0.31046984580912701       0.26385259287127782       0.45689889876673706        2.2965839161498629E-002  0.85416742779210286       0.11646145107820000       0.60345574691844350      -0.47494037778732134     
 -0.81466929333772153       -7.9630236003195964E-002 -0.24516784007581552       0.38644080111994222       0.57849739238967324       0.12709140965301824        1.0408754429618450       0.20225558674102595       0.73249644446087203      -0.47393610862053082     
 -0.70618953632039161       -7.3960603253011251E-002 -0.21981856613260325       0.39174382417913489       0.43273435752135969        3.2267476333319757E-002   1.1840438331052967       0.27014553184620349       0.73657318730523880      -0.39319431736257443     
 -0.92304154033723163      -0.26063663334804327      -0.51430574025812004       0.25718277275866186       0.42585839752252774       -7.2643465584611752E-002  0.62290549376564575        9.4808467769093838E-002  0.52400149942522067      -0.59163783959954197     
 -0.81309311954275520      -0.25277338418429723      -0.44937500189672919       0.27910985745865308       0.39525714578052007      -0.14408078081521916       0.82637175168117638       0.12090781845863270       0.51195441778989770      -0.53922832390312792     
 -0.81442510929773138      -0.21702738127421592      -0.46260363590213727       0.30387598311972658       0.38174896752353271       -5.2108199969906838E-003  0.90276300786629615       0.13543855964535992       0.57950234432149439      -0.66112714545836382     
 -0.88929053931141422      -0.19886036615635386      -0.42008204429450924       0.18999330302168885       0.26985118074880682      -0.13586211101728077       0.92883782163345707       -1.5144073048149858E-002  0.34507519959360061      -0.61315813800845753     
 -0.95425967114367516      -0.26707956424836116      -0.29610517440523448       0.26020582558518485       0.41355403406014785       -4.9339850941773926E-003  0.91167298414945941       0.11632441445424273       0.58094052733099288      -0.53097915819458408     
 -0.89891024811877884      -0.21020749355783563      -0.42987032633380695       0.24512984036236038       0.37348959725659509      -0.11555378365310122       0.59623566427263652        7.2431881100254475E-002  0.56482154604986179      -0.54118561154645517     
 -0.95474412932783714      -0.23554861615701103      -0.47391218370086530       0.35761374678296026       0.43571113217451035      -0.10825050594106872       0.92393860052975008        9.8511715231816524E-002  0.81682872779310656      -0.57178167309599159     
 -0.83177621026374060      -0.26140645197192947      -0.43398017327213956       0.32772332021123540       0.38846670394847027        1.1029901601118338E-003   1.0353084291481356       0.13307476283515343       0.67911390247319825      -0.59098644225450914     
 -0.78116162642093978      -0.23217269562537285      -0.43018968954204639       0.28324420512369125       0.41208547293467818       -2.2342547785459944E-002  0.96088992886711488       0.17635847354591150       0.57449810379979760      -0.54630499071367722     
 -0.71295969400098491      -0.17471197632447152      -0.28870028621286387       0.27209928577984771       0.37111478089269972        2.0325059168405584E-002  0.71407583880898007       0.17383478501503472       0.45510159679231754      -0.42684564896641397     
 -0.68165187615920109      -0.19224805004266446      -0.36739619993702283       0.29359176381645102       0.47732119182667027       -4.9824165814410758E-002  0.78162709441153655        7.9316403186139764E-002  0.74685644942430818      -0.51539468305106351     
 -0.88490263651079426      -0.24806062986513241      -0.38091491962419366       0.31505306283098278       0.40085539495857020        8.9633840115039914E-002  0.76742328808788862       0.14330254093241729       0.59680657145670535      -0.60682626858370448     
 -0.68479561680926748       -4.4279293874814961E-002 -0.26488935515504386       0.27457737447044850       0.44391863749828320        2.9371340267894428E-002  0.80694880211288267       0.16849134050329029       0.55699744293863263      -0.50545518511739163     
 -0.69324601741454861      -0.19194236359018976      -0.47248403170856407       0.33376518608082156       0.42673697503573088       -4.1618041317603299E-002  0.98394797353281704        8.1444747473250909E-002  0.71201935245782033      -0.63294154085482379     
 -0.79802124496753879      -0.31905991704482295      -0.45755609515031020       0.23034384315415482       0.52550576081660583      -0.19976576440469057       0.89617701057540455        7.1286255379416560E-002  0.58365873773135435      -0.62464282724575104     
 -0.89142328875370780      -0.22581746711029094      -0.35477705576377849       0.27958355957994913       0.42395001012360389       -6.2083526409488568E-002  0.87736773616707253        7.1962683373309938E-002  0.63556115004357672      -0.70419322145342056     
 -0.83873653816512150      -0.17359894007679846      -0.33353332176645939       0.29630104041770150       0.40704654425738412       -1.9824461062057576E-002  0.94675864268406584       0.13417806804165389       0.63912979460890662      -0.51780488220286536     
 -0.76276862144870650      -0.31813157481999060      -0.43115360283016851       0.26917529446705901       0.41375840800456559       -7.9198484566023256E-002  0.91403533818078908        4.4012435772332992E-002  0.55025070315938251      -0.52507197847723774     
  -5.1656855079719531E-002 -0.45493935668154489      -0.48490596204177167       0.34206949068759029       0.41971606577966375        2.8973494084723696E-002  0.87899892635967802       0.19230352378477647       0.74127737337292465      -0.73194738604978971     
 -0.14686312483794206      -0.38410354998632734      -0.57855931694757678       0.30827557078864354       0.42139110587447670        3.7212437333709159E-002  0.72006424378621692       0.13782061916831728       0.57156370356197994      -0.83721696482246077     
 -0.19421971437423541      -0.38751682911191598      -0.43290922491219308       0.23460863904974869       0.46929716429040330      -0.10837047374475405       0.75053996642642684        8.3609298464909526E-002  0.68056424025706341      -0.82329666448377758     
 -0.37332821799779936      -0.43603951769059590      -0.53766206119700644       0.15163935016354313       0.23792641328873931      -0.18034653424712252       0.81183031752695722       -9.4091313166205282E-002  0.49111538484343931      -0.68664753845587490     
 -0.17717477284027555      -0.45822100245121417      -0.59291674469986988       0.32542822606638683       0.48956461488116215       -5.7635496836938173E-002  0.85423968060136757       0.25507387556998840       0.70359249034918159      -0.76946449988667320     
 -0.15742319116750525      -0.32208195238730081      -0.47771106794057416       0.27602088485607196       0.48342100776186475       -7.9294227675681062E-002  0.90469451566952841       0.12208929258412088       0.80598226163159825      -0.66760680705981423     
 -0.30107798657654328      -0.44194385027742328      -0.55977432027976137       0.23142890780303813       0.46238307336600459       -2.0032770781903620E-002  0.75366795996441827       0.14440742139470983       0.49596270087417621       -1.0402004820436979     
 -0.11178688976241351      -0.36152826208351496      -0.65244809831885453       0.27337751185421216       0.37477534259547707        9.0119482990609040E-002  0.91987062141319431       0.13373630714939677       0.58227455121691452      -0.98524233748364631     
 -0.23950516540297376      -0.37741613052569223      -0.52266572174266779       0.16885084238910755       0.47284797216661395      -0.12108092822148159       0.79209712633591622       -9.4641933106206319E-002  0.54009517433430043      -0.69818192716005134     
 -0.14096477304743232      -0.46701193580880246      -0.57510816555385214       0.17671561339202926       0.34082369304009497       -6.6232244606329024E-002  0.60409213919611848       0.10605950586259925       0.43713862491113431      -0.79952606387408898     
 -0.23294188689540668      -0.40549844516117839      -0.66952182996637721       0.19160366772054785       0.40820859105697938       -8.0213505255647979E-002  0.74539643905659103       -9.6588946809034217E-003  0.60706248614420666      -0.89907195727664269     
 -0.13303104405086350      -0.33807740795421737      -0.56279013424166069       0.25889586524414998       0.44587471464937750       -2.3159471529934479E-002  0.85967828609176555       0.11637099860931285       0.58443121519776253      -0.72976945999727105     
 -0.12209999151722613      -0.41558797508269119      -0.49916149361416789       0.18712076925837459       0.33246681814615292       -2.8266406789066469E-002  0.66286271325235824        7.1823555333991845E-002  0.41416195884464868      -0.60490623034185276     
 -0.11913620504087333      -0.32469696094178840      -0.59514976859649660       0.34394755974735985       0.40316108781304721        5.3815127885266399E-002  0.69438464315672876       0.26240054076434427       0.53263522120741569      -0.69018458349713285     
 -0.28416427439903102      -0.48141362297083179      -0.61776135687070377       0.28169467293198408       0.38116392740625960       -9.0918366885429716E-002  0.64906613316657191        9.3990595865108634E-002  0.44570476030172840      -0.71360743275735294     
  -7.9278383486808560E-002 -0.37869631879232180      -0.49868889391554011       0.23961476272291365       0.35918192976191504        1.1803132372053556E-002  0.84527551309125559       0.17476687024910897       0.63162021611450425      -0.71808655608519856     
 -0.24578376092394980      -0.53637533107888669      -0.59641701756606991       0.10026617923201986       0.31799554491872323      -0.12611906815658419       0.88567802928835704       -4.6497040566875793E-002  0.59454041426940973      -0.72035248033914623     
  -9.4454287347314633E-002 -0.29428387589908778      -0.62485641457457319       0.13755132571727749       0.29414662360523747       -5.5235824917273402E-003  0.71113035944996494        4.8696191895052830E-002  0.41861485817232053      -0.86761830719716138     
 -0.32831192027265044      -0.46153870505324812      -0.67961845696055079       0.25418888778476378       0.46849642975007405      -0.17667282783157340       0.83353544195435747       0.12635800751871287       0.62760635684326804      -0.89663306278469157     
 -0.20448823664567750      -0.38703131334343976      -0.48367140046765605       0.30553369992772639       0.45607424943320590      -0.10558913149400478       0.57206422858128247       0.25774974108570126       0.68114750429424686      -0.83728474977101930     
 -0.20267787029949719      -0.34415243212301894      -0.64454388139943664       0.20801178855370286       0.36048411260903718        1.0467452135783997E-002  0.67809168421102251        8.7485034932147571E-002  0.76046506467579433      -0.82010842880439172     
 -0.17392937068514161      -0.30651129716200204      -0.50341529860002088       0.13788797762238519       0.29804617442392378       -8.6375532432391468E-003  0.48238666750687714        7.0898283366714221E-002  0.66230073608274831      -0.68552938141083253     
 -0.18928622412532595      -0.44291551393696926      -0.62604857829869931       0.26370976390615519       0.37428021857918131       -4.7227596338453803E-002  0.68748157308116542        9.6376264624034157E-003  0.89047311962157527      -0.89011038538757159     
 -0.13234227028865969      -0.39699613718530874      -0.48751353922542934       0.27146804551864784       0.44794719655212695        4.7233860481360593E-002  0.67703474020619459       0.10486565557737687       0.74281967694952955      -0.78277927252679469     
 -0.35125938822678759      -0.45466118950999873      -0.63526795538794600       0.13949884910007265       0.42043031335554809       -7.7653280487678958E-002  0.65920997256221925        5.7802233291841774E-002  0.97095916602240573      -0.87449364836416343     
 -0.27896268385955403      -0.43373880170005197      -0.61796133023466282       0.20462287531413972       0.38396687151387415       -2.3866558302937265E-002  0.71024993896930300        8.9594179799553447E-002  0.91130578682068564      -0.86386438262085075     
 -0.36310845042833989      -0.41595652903545771      -0.57162727453589868       0.31406738118975985       0.51763741526059481       -2.0696411622004432E-002  0.58491136185361248       0.13460540346943725       0.80703578136229526      -0.71641077315874446     
 -0.35142595096983237      -0.46466442600029095      -0.63635985797795003       0.10944232107439934       0.45723254694924464       -8.5419440902405511E-002  0.54699464018531729        2.5412529583846797E-002  0.70710886621880764      -0.85505604058499574     
 -0.25621352336676106      -0.42849369909873797      -0.57052034380740635       0.31607676534881485       0.47734000730971476       -4.9579211875631232E-002  0.56748748920968328       0.15024955573900006       0.91436452447797967      -0.91435375514772055     
 -0.28092685112049698      -0.46650402712179534      -0.62063199045947581       0.27992926139214952       0.54973581235086288       -2.2765772324913062E-002  0.64997742834797922       0.17562940848508005       0.88743692607119484      -0.91234836724745749     
 -0.40067226783668358      -0.47157008989840593      -0.54803708835662146       0.15976735875663611       0.35897461993487867      -0.14424573838217400       0.56963132157303153        3.8983884929917105E-002  0.66910515142133153      -0.94791665270162617     
  -8.4647716192281175E-002 -0.17069343869404527      -0.37498418694019248       0.30699842999278676       0.43727834652754449        6.1019304565799584E-002  0.68383016211218639       0.15751593645631781       0.81890491740376525      -0.84054220447139161     
 -0.24096890415032762      -0.34949153899064522      -0.51065828791551116       0.16103046691882666       0.25447299934802264       -4.2640266306340997E-002  0.40646395901716637        3.2792187342294929E-002  0.74783447451905816      -0.64214754129203699     
 -0.19041532809834336      -0.29632041832059774      -0.46491583681639587       0.23855914349487561       0.46370830248074585       -8.4744652546902555E-002  0.56821573680536908        6.4744908067491350E-002  0.62190515005685421      -0.78455009699188560     
