 -0.47229188677180356      -0.63770857383416513      -0.80973802043860643       -6.4534549399835120E-002  0.51597806703741411       0.25558192075496350       0.87605484355996432        2.4665549054849585E-002  0.39416476365700420      -0.23936695199300226     
 -0.44187250975073944      -0.57386372713391542      -0.75493238953985298       -8.3388927925657441E-002  0.56281958524601883       0.26282081901226989       0.76709412226396856        8.5855225432598437E-002  0.39239086298285575      -0.22442090171413290     
 -0.32591302813208894      -0.55705786962636705      -0.75566888681830824       -5.5232301801345869E-002  0.58235593183953294       0.24840451463463459       0.81832610437505682       0.12626058971844170       0.45653122907894572      -0.25565797515814964     
 -0.34233610514404195      -0.61083360953085497      -0.75660986803882158       -8.4996687005029381E-002  0.56369995633009295       0.21179086614742315       0.82029499290714358        8.2966826206402389E-002  0.40634771485881316      -0.20848291151609930     
 -0.31686348592159980      -0.48533526557117540      -0.62852398719002966       -8.0894856590851150E-003  0.59797637133426862       0.29612562817763355       0.78405401806317576       0.18995099885164562       0.38406516436144122      -0.15911585004124959     
 -0.38328915306308980      -0.50633260339398800      -0.72221573628612890       -9.0132705294739698E-002  0.52588948150154391       0.28471352930623545       0.69975915577013281       0.17331791721193623       0.41654072377015400      -0.19239097821783385     
 -0.37896855939700713      -0.57088922920194674      -0.79929291994355389       -2.4694138732857945E-002  0.56443763770365540       0.23718386805820887       0.77480554936745838       0.11355170558926000       0.39246902154951907      -0.20207265705675403     
 -0.39108137857585540      -0.55803761631334847      -0.75482738066604727      -0.13260238816593625       0.61107943412143495       0.19568319890171490       0.76366074512050663        3.7213764891102806E-002  0.44174082886201377      -0.28321359029355436     
 -0.43149678775445555      -0.58600324218073463      -0.74309089042686083      -0.18714003485490666       0.59992721760038559       0.29582346281951222       0.80727088466531516       0.10069683343208187       0.45434003425200647      -0.27230688279775173     
 -0.44659081734422001      -0.60528641326079780      -0.74583640258989958       -9.5441736838623670E-002  0.42727903369441689       0.19478729551366045       0.69729147734715713        5.1856321482169419E-002  0.26653084472588673      -0.33949497123394728     
 -0.47536022449528520      -0.69921618995989288      -0.91012631962137225      -0.11121381910840131       0.45847239359276259       0.14279924591157384       0.70926810992277145        1.8055633340469449E-002  0.30331245872306078      -0.27891073734843191     
 -0.41467115048417580      -0.68426495449371250      -0.81525891079301605      -0.11653842403540868       0.60683739705446493       0.21255212200486895       0.77460913056866554        7.3438452314155134E-002  0.41494410808678217      -0.28864624677028844     
 -0.31836652188635367      -0.61055311169139537      -0.87665109461235546       -5.9917264358040137E-002  0.53582416748566142       0.21526950741056106       0.82920479725914464        3.8754538807724691E-002  0.31294468617505683      -0.14862132737112066     
 -0.44417135370380062      -0.59084275864526603      -0.89570091888796322      -0.14093799483183408       0.51800991599525348       0.17488173616595581       0.77346331214869390        2.2497501398437814E-002  0.37535590381647105      -0.24683247739083677     
 -0.36900868344850879      -0.54113964003656556      -0.85488292540415689      -0.12112766569253376       0.59205806869219690       0.24064144069428517       0.91325234947205125       0.10413151486133833       0.41597730836882696      -0.28503881912135759     
 -0.43181339945271774      -0.50512658469702343      -0.72711074085350946       -4.2490972684753492E-002  0.70087082274567780       0.30494488361439215       0.81992691507450099        5.8603202078353643E-002  0.45774004523939094      -0.16016552352097749     
 -0.31565721833768440      -0.55821565316719479      -0.76427585652291474       -3.3487200411594711E-002  0.59099788312187840       0.24362240025438939       0.87043833587577601        9.8060957441175892E-002  0.45825596870589941      -0.25889254207042145     
 -0.46519294108643378      -0.61303108967788034      -0.77124109445478140       -8.7466910489726671E-002  0.57509370072884780       0.23207209353377239       0.86280722437903390        3.9467968175931581E-002  0.39843563777211238      -0.25011258974689909     
 -0.32189151190464255      -0.53335691409379637      -0.82541821564351570       -8.5780284809196292E-002  0.61254630631489260       0.23366737563703016       0.78812210503863467        4.3112840668546516E-002  0.47275748260051709      -0.23744426894806836     
 -0.33210639176219769      -0.56091848681402623      -0.80834808837458516      -0.11503621547909748       0.59613168334600808       0.23910776915428616       0.82263144008672073        8.3196584590262329E-002  0.38280170653577578      -0.23391938479882496     
 -0.41314466224354929      -0.60323780176209374      -0.86895448615245308        2.9732285839207530E-003  0.67960832818587935       0.27465654565701941       0.80732510369067934        7.5981123448404769E-002  0.50646126941147618      -0.29668764848112361     
 -0.44664824868218700      -0.67006884703362624      -0.74047029434656753       -2.9671839086019985E-002  0.71569853102696623       0.20629758730266376       0.89544966893280886       0.16508703608821487       0.45227308153498602      -0.20444310004169594     
 -0.37235865227617554      -0.60436318024551183      -0.77602155274838569       -3.1651599531999482E-002  0.59999220671802878       0.12616287725864830       0.73906797690929660        4.2677046102795574E-002  0.36169927717247397      -0.18859036075264024     
 -0.39476218137510671      -0.58938461367271877      -0.76757416168292347      -0.10063121455497231       0.55705503442737592       0.15483718909365599       0.73587364601313687        5.8818571336368426E-002  0.31500751770475316      -0.27948159961653335     
 -0.46376265367073199      -0.63417569390948614      -0.89508799986948773      -0.13684724216828736       0.49037442115174490       0.30569903606056170       0.77241937785776194       -3.7351366419291626E-002  0.42698758097450279      -0.22869961144523007     
 -0.47280281523728468      -0.62888291531753915      -0.84995373492149340       -9.8691181619229212E-002  0.52028967215990385       0.21948934503978407       0.64425554797112339        3.9096059790213543E-002  0.36355296557140321      -0.21370722146003576     
 -0.40564920906986646      -0.55734557649614802      -0.83925878813233779       -2.8586114130775893E-002  0.61337024057652334       0.27560522313504443       0.71182136857303946        5.3388386258095950E-002  0.43688611152621187      -0.20225664209172159     
 -0.35833721624611048      -0.48907724438044281      -0.73339218218128244       -5.0750539396943531E-002  0.58537964516260632       0.30781440819797701       0.80208179003754709        9.0398086626596263E-002  0.40677113510712043      -0.23771363838378431     
 -0.46173785641766862      -0.63999969158524073      -0.79094132664365935       -6.2781499273874580E-002  0.55670403915764910       0.21414529468472732       0.77861626925004124        9.2181192672588022E-002  0.29220136321424761      -0.30120758185884822     
 -0.31492655542590298      -0.54764248796149539      -0.77315730446196684      -0.11776785360320541       0.52573295826405841       0.25222297770766211       0.71268001654389546        7.9531899731233660E-002  0.32571257581714380      -0.27115357961715919     
 -0.48931778364331757      -0.57883376458544400      -0.90856921766319798      -0.10013532963182889       0.54441627207597343       0.24983012611820157       0.84311203726974826        7.8266367699966394E-002  0.39851585663008404      -0.26715720959947703     
 -0.38834509401426137      -0.61716446385367274      -0.99244973427760308      -0.12233666802774999       0.47097977792749601       0.13405153527728839       0.83439272951482280        5.1933205439971215E-002  0.34185659813324448      -0.25085295516024853     
 -0.35851734419863640      -0.52650169052365647      -0.71767319086108383       -9.6796176543860149E-002  0.50808285871520364       0.13850973234371983       0.70343658369163453        2.8166264344815152E-002  0.33708920956028016      -0.20122149899906502     
 -0.34889032400315034      -0.61340396421735122      -0.72730337852879612      -0.10387503355332628       0.62417929157865282       0.20617629648192717       0.71181080238759398        7.7478045782370844E-002  0.37868957916392382      -0.24462093076802208     
 -0.36610210668223220      -0.61731007460582399      -0.71305890301267039       -7.3562589232258459E-004  0.57413903364086993       0.21730048939345145       0.79676327277261305        9.2794752973795608E-002  0.33926945363631011      -0.22466924552388420     
 -0.44233369305905373      -0.62729152546864486      -0.78146511205437863      -0.15318919966024094       0.50672468786730751       0.15695920988879569       0.81650767141546798       -3.2930228482276572E-002  0.36132538802809872      -0.31799695439313425     
 -0.36841224259110805      -0.57371443628913987      -0.68893702651754929       -3.4913323059520156E-002  0.58664671481338559       0.23443618371642652       0.74865062362102563        5.3692033757787708E-002  0.34197676034806895      -0.26011561568088626     
 -0.43149795753800180      -0.61549533299862047      -0.81656051595482670       -5.6862348070049806E-002  0.47731554917727897       0.17139753157255203       0.62489311610803144        8.3665182520675674E-002  0.30953521294039676      -0.23080089653942176     
 -0.39355844871684681      -0.59340447105868244      -0.77951420972647789       -1.4899499790994761E-002  0.49047272750477433       0.20871129157311386       0.67869177353337906        8.3670109616973729E-002  0.35785543116135599      -0.29916458013527281     
 -0.41802856648787223      -0.60879193788318975      -0.83503358842548947      -0.14839070823490849       0.53042685041302151       0.15621408597829575       0.78925001605714229       -3.1034008121208198E-002  0.35101843466958738      -0.34954486813411390     
 -0.42120363322529669      -0.62955443187402016      -0.83981536467091644      -0.19220248519442323       0.42037447743777034       0.19564089737458246       0.69173023727772209        4.8760764697565663E-002  0.32929042321540813      -0.32125504081339123     
 -0.33125145877115786      -0.49598961341606118      -0.75946153631004076        4.3829650079352696E-002  0.54651975284959642       0.25767374939909543       0.91338687847530020       0.11822202176976697       0.41974083743411050      -0.22203802241908169     
 -0.51439161955382551      -0.60607238569133393      -0.81804455709874269       -3.8090175177600979E-002  0.61488777961033836       0.20616096390733252       0.80399037486602420        9.7811581492142169E-002  0.39014163686233200      -0.29035445117789860     
 -0.38080034533079249      -0.58000856751243357      -0.71015371510444381       -5.8971464525962185E-002  0.57167530085834162       0.27716070933435949       0.81902571651340361       0.16568935721478933       0.39065128642732977      -0.19323341967634652     
 -0.39946472789771226      -0.63055474613735685      -0.83026657023697470       -8.4751839543766264E-002  0.54114620282991410       0.16708298563745586       0.73142220145591208       0.10544113180847413       0.40544672070370236      -0.27326051461709111     
 -0.43293938821996242      -0.56359013294544169      -0.87017521530787645      -0.10935485024752944       0.48215782470728369       0.19764041776951258       0.69621848413943099        9.8124923746320022E-002  0.38094391635047087      -0.25605389874941936     
 -0.44603870306116861      -0.53734081904945408      -0.79625564977787866       -9.7621871108584821E-002  0.41121458505770697       0.17419349782133781       0.67744268940910135       0.10461641129109644       0.32526761161514234      -0.19037727238064184     
 -0.32053314860634419      -0.63260382618918243      -0.86119855242729859      -0.11655663483053498       0.51031653650236308       0.23772668039888903       0.67497210614176772        4.6525722164068042E-002  0.35176733181255548      -0.20173876585111053     
 -0.49928956397654917      -0.56591943042255932      -0.81364729908730316      -0.10078429741353247       0.50939443483148572       0.19835357618727828       0.77400157134403313        5.3713814220661085E-002  0.36547445807108486      -0.24996926853159407     
 -0.45267142355433515      -0.56556228929825059      -0.82993197455807954      -0.15600171617887601       0.54333832899518819       0.18446268773731073       0.71747799838443038       0.11065278548812311       0.33949651113703511      -0.25282958640516029     
 -0.47573033991121039      -0.67175323540616017      -0.84936568091871611      -0.16255808652936182       0.47631706783398270       0.17255519542999601       0.74547092386665847        8.2666107069869765E-002  0.36154286664790902      -0.36807560548058926     
 -0.48555978703372921      -0.62361787133611446      -0.73525417202510002       -7.5335755790544551E-002  0.41998586645343067       0.17450410733281821       0.63443302660599721        2.3224176926957458E-002  0.29064501514385638      -0.31394601725284516     
 -0.44734968996689772      -0.65042016140846859      -0.79551837265327963      -0.16469543007448734       0.58942167010471291       0.15750734156618520       0.80048543360097102       -1.5773478564256076E-002  0.35437423597828593      -0.24634021429452452     
 -0.46403815400971937      -0.57986311444384853      -0.77108919675329257      -0.10395803086361820       0.52831271913913158       0.17729378665006879       0.70259406730487473        2.4261738794064038E-002  0.34007362139196828      -0.30792929024550686     
 -0.33709879137254994      -0.44032900894418470      -0.72832021667394664       -7.4448143119077270E-002  0.53748336945908259       0.17564681229564436       0.69875716987548075       -2.1864856205703683E-003  0.41641989946530200      -0.24122229571338566     
 -0.39125652989642051      -0.52611223534758877      -0.73500626958037352      -0.13830925568410193       0.52937525693254706       0.18097408649529700       0.68932086401299286        7.3378232678227448E-002  0.42125333574017743      -0.33957944642199889     
 -0.40544941822294234      -0.53770607614487376      -0.76197775041554394       -8.7723728146043650E-002  0.62410060134305612       0.33385522693320940       0.79691897109940990       0.12553527096357764       0.43224571274478635      -0.23563500651866898     
 -0.42062380519008574      -0.61137596256977855      -0.99839116897211111       -4.4559181147328084E-002  0.50616402167701424       0.18983074969857280       0.78054510959413481        4.6080006591892951E-002  0.34572750099341065      -0.28335431663999083     
 -0.48262463380820975      -0.60951474919670512      -0.82090171764007258      -0.15614992806969671       0.49907936780212214       0.11942260740439170       0.75821463741187733        3.0504785671513462E-002  0.35129310755147219      -0.28166546621080790     
 -0.37156634820681117      -0.58940837410509450      -0.73848274620310250      -0.13133157230356457       0.56729651117440605       0.25989156473374364       0.75548173584880896        3.6749665250697776E-002  0.39082822437114817      -0.26444283436869997     
 -0.46801472037418901      -0.58609172415454436      -0.71258238461863643       -7.8942296405413961E-002  0.57019630922208708       0.27536827034449235       0.79404056109910703        8.0042510464337274E-002  0.39382550612686756      -0.24033424947797366     
 -0.40675858738521292      -0.62679449384590513      -0.85431847469818833      -0.14735798098127265       0.55689981556655443       0.21201544357466531       0.76131627672865099        1.3222690430761512E-002  0.43992678701210391      -0.17476629328973844     
 -0.31031762562401860      -0.54917239059801481      -0.75977086666249427       -4.9456182314777893E-002  0.53309313093390365       0.27877836373952924       0.87687388833116842        8.9002276504733427E-002  0.38166355776209160      -0.14307083439871204     
 -0.39993564023871092      -0.56510306116011211      -0.75528434217103080       -6.3162039852504362E-002  0.59828289270296642       0.23105327644626608       0.79018857075565052        4.3954311773552655E-002  0.38483194538273940      -0.17433119104364792     
 -0.44372046416632172      -0.48267124588833316      -0.72539679472229768      -0.10287635496644112       0.57972302098982686       0.15136915313171304       0.76105651860667645        4.5833875516873610E-002  0.37463018765151818      -0.23239188074771097     
 -0.30954234007766801      -0.45889982868386253      -0.81624289507806058        8.7900391744106417E-003  0.60611848261984158       0.24332541207179678       0.83314037745033520       0.11876974319782957       0.50574933013183343      -0.17493159697554969     
 -0.33778814488936387      -0.44441136628199024      -0.64645146805601050      -0.10562327950049492       0.58409741208867161       0.25031250686956252       0.80568682744651932        6.5608159906782551E-002  0.47626054962125952      -0.19312046182215920     
 -0.44233806297356543      -0.59554109595855753      -0.77427429735069520        1.0736246041290736E-002  0.55412880688604493       0.25921804092766459       0.85947381936427991       0.17392360949436969       0.41163588474075569      -0.26185554339327244     
 -0.29266711017597691      -0.55265583025242604      -0.69652185538580880        1.4901300069816719E-002  0.51671603635638186       0.29351860435106147       0.68883904406404350        8.0904030952197087E-002  0.40183486851582872      -0.14433667330013630     
 -0.36994590142195977      -0.54055370325375562      -0.75301654045096456       -4.6024533430495410E-002  0.63805760341992035       0.31490892751657712       0.74113930163893005       0.15213699356537225       0.40690109372327765      -0.16322043278715923     
 -0.30312016999183822      -0.50481217725114158      -0.68091391584613181       -7.3228507897821996E-002  0.62274585515463610       0.28140910535991664       0.77869361101338852        5.0502208732759998E-002  0.37963772457749639      -0.22848641494782410     
 -0.47096085443726937      -0.67077145174830999      -0.85123888942253623       -5.8521219983600381E-002  0.55805464523557369       0.22966148204308767       0.71325008561584025       0.13815241899931135       0.38367284030608628      -0.19147088874657747     
 -0.39028591570149851      -0.61555293363618124      -0.85484686183222391      -0.11452639422982371       0.46760363988025383       0.24903963948848812       0.76129391440924465        5.3419271330175586E-002  0.37343247292835174      -0.26632284777107795     
 -0.42719714575376366      -0.51408536096284596      -0.80285450881866949      -0.13681730948383961       0.49647062574707757       0.18009340270054677       0.77819856861614090        7.0392959336263189E-002  0.33898706401068107      -0.19847338411642515     
 -0.44713752063272444      -0.63095841624063032      -0.79746757272409019       -6.3474568496929965E-002  0.54207610306460552       0.27882310685253070       0.82764695430959745        9.8190814116940417E-002  0.41703818609932430      -0.29028850500649128     
 -0.39037816148322224      -0.53445592969958788      -0.83824074662385917      -0.13002592766626508       0.52949591807997598       0.25761082612922720       0.91197443094633190        3.0774896897072156E-002  0.41768448819553300      -0.24824871197340528     
 -0.44694991635499337      -0.65362495884314264      -0.78237348556207276      -0.11403332295184325       0.62112474743589474       0.19873044044511604       0.80378137848857123        3.8914448176384488E-002  0.31850436204795352      -0.30376790873045517     
 -0.32696942529137452      -0.50052985651482151      -0.79215881175432912      -0.13116089170910450       0.52151956611356109       0.21419356249977836       0.66351148059809606       -1.4641551796526783E-002  0.31313894256621322      -0.22989801390191866     
 -0.47055463182550228      -0.62971175005924118      -0.79998038988149067      -0.15666161012541646       0.52372359878096386       0.13494044904268324       0.66524899914225155        4.9355144157872073E-002  0.31677805803136949      -0.31062988231964528     
 -0.34507302163762266      -0.50864849228277997      -0.73291402111289505       -2.2105537966119318E-002  0.48275629925383418       0.24715085287932642       0.82263408085122680       0.13121782319453829       0.42228921926143886      -0.26519316629779116     
 -0.37201417228934619      -0.62946213795392170      -0.88597240134173805      -0.11002062229128591       0.56472780108549425       0.21150147735244751       0.68140979795475831       -1.1743820206182760E-002  0.40902636007306897      -0.18378389312949178     
 -0.43169464500010185      -0.52593626699406926      -0.76858064516844904       -2.8633936170950443E-002  0.50815112723240075       0.30052310453332837       0.66393940205502566       0.14155116542502413       0.33261230928847918      -0.22698746097575645     
 -0.41642538132603885      -0.65200804113781430      -0.82584472602822800      -0.10375884331177554       0.47493887678607977       0.19792648304655222       0.75842861187583988        4.8383105556105872E-002  0.34318661726060040      -0.22300711398265069     
 -0.37961484094627390      -0.45225829511141175      -0.77325196885846792       -6.2818721634650021E-002  0.61951218718672785       0.14393865903970562       0.77345091319674586        6.7631861962116596E-002  0.35032089350285417      -0.28164303191073653     
 -0.45323556756379663      -0.60830643883374580      -0.83949550923739280       -7.4795591081985482E-002  0.54494009022574785       0.24023111861546501       0.76831965616792619        6.9967544817145191E-002  0.31727048574452527      -0.32043403335031051     
 -0.34321893374239115      -0.56997981936052533      -0.84203740242139069       -5.0125640853628528E-002  0.48967218498485265       0.25724876853511658       0.72271097980880661        8.1581804684612610E-002  0.38098818606019952      -0.25113532316676440     
 -0.42910896132395143      -0.63021176031927750      -0.79808159792404654       -4.7222733879844110E-002  0.54695139484180222       0.31160023879875109       0.72529327861609372        4.9325395731501860E-002  0.45662255407875874      -0.24112043174931250     
 -0.40635972476570570      -0.52957797155900932      -0.81594802174422165      -0.12540957154014676       0.54248171577046700       0.20477226946402505       0.79571447553353725       -4.8734691380268376E-002  0.27100494238578754      -0.18190151651959272     
 -0.46692886605322848      -0.58159581913725389      -0.81333420599422890      -0.17384979189293795       0.58054015213307486       0.18883094566599126       0.74679420317463252        1.9932439767046477E-003  0.38845746363972034      -0.29303468903316632     
 -0.44388296892811419      -0.71543158966756792      -0.84372465548384223      -0.11864923513175263       0.55638472349828916       0.16672678082500431       0.71137307922437931        5.3899883513331840E-003  0.32652934901958069      -0.24697838993501928     
 -0.48423992620712064      -0.57430596784850763      -0.86203310647055720      -0.11776440431912566       0.55504415270291252       0.23253519278313153       0.68174710355716761       -2.5003315320815941E-002  0.36599670406092222      -0.27028267090062996     
 -0.42443307139155001      -0.54765226069593387      -0.67485227280038085      -0.13800588171178071       0.49196636563011942       0.28027425287097762       0.83813440863609967        2.7477968760440053E-002  0.40999851021334238      -0.24753588552953443     
 -0.37353377453831366      -0.56349326057652471      -0.70472117937698997      -0.10978281207643559       0.54907184954116994       0.19435085772780222       0.84660767205909437        3.0367119525920885E-002  0.37352851415596505      -0.19153333232650605     
 -0.49208675173852118      -0.64956923261062549      -0.86247330763513463      -0.15864101525443003       0.61997740438108984       0.25195955611995113       0.84436911556188887        3.9233747558233140E-002  0.47082486965417125      -0.32501627669241917     
 -0.36533413461847453      -0.48912961609369487      -0.72147548668987271       -9.9428013365240417E-002  0.62193670165283255       0.22304686203311516       0.84487411616000041        9.0131524635161081E-002  0.35663444393696664      -0.20959192151704975     
 -0.38823463680428855      -0.47299277588439703      -0.73096345154759612        4.4651071937801115E-002  0.63274837200235345       0.26625363935852248       0.91958112635439415        9.2051090220888893E-002  0.47450696867847669      -0.19420119215945233     
 -0.34576559183579930      -0.56625851340091005      -0.77873803768903582        3.1847787205934929E-003  0.65071730364453850       0.28914282565459848       0.85205464169637335        8.5032356494146255E-002  0.49891256436854808      -0.19497831499423010     
 -0.29055193683685399      -0.49177825049529361      -0.71351689822178554       -2.0970895472561227E-003  0.65445600537054216       0.24213346251571383       0.77954849867289622       0.14566722136704605       0.37752617963724316      -0.10122658997123027     
 -0.39116660582060586      -0.57796106943952119      -0.83296872498285601      -0.13519022740696357       0.56508552538715462       0.17574916551694272       0.77398127714733767        5.0849981007706421E-002  0.32330778394319981      -0.22752818829317356     
 -0.48930595063430765      -0.68059348333768666      -0.84993502838268575       -4.2425466203203255E-002  0.63952013201171221       0.21168442466954027       0.85570570911315713        8.5988237084717076E-002  0.33207597746259593      -0.28832705983937151     
 -0.33422703894175204      -0.58338940723262622      -0.80323726832017628      -0.10540682453184222       0.60051298798302011       0.20530403581111262       0.77004003171859459       0.11320290443134502       0.37182034835753913      -0.18636639516494855     
 -0.43098246307514609      -0.58102009639906993      -0.86744921269264241       -8.0794536053010860E-002  0.72614713760601435       0.19608271679353151       0.91460826287787711        9.2401099030264153E-002  0.37618044045965299      -0.26801308147703512     
 -0.40456171902016591      -0.50551097870515438      -0.81963771962261978       -1.9560079740017998E-003  0.52361015184530701       0.27600156297289902       0.83705075147965879        9.7656497103906545E-002  0.41083843855743590      -0.20460400000162779     
 -0.39853636798489517      -0.63171447332954922      -0.71849035216315249       -8.8490250497928594E-002  0.64356905881188387       0.22952753222984731       0.72330317314885328        9.9242933062678659E-002  0.41571205402233308      -0.18577679427436339     
 -0.43964758984148034      -0.59116755497803519      -0.86022236218018711      -0.19725730415993886       0.55403328988859724       0.29875986402583360       0.80643640065266153        6.3843873955410843E-002  0.39158447945334640      -0.23231448289617188     
 -0.42267975442665717      -0.60630114900698884      -0.74525246296775649       -5.8539401839065079E-002  0.55722713079055919       0.21975506005071657       0.74520118447310368       0.11618064336573310       0.40858441307800686      -0.27831572960268158     
 -0.40265966565887118      -0.48542514073824622      -0.76551364538834021       -4.5719560307575062E-002  0.51878117116346223       0.23932744711407633       0.83455693836537059       0.11751263453487638       0.42622228048222482      -0.18545206245724541     
 -0.34247602188066423      -0.51615484937823453      -0.76739814908437054        2.0886263618435690E-002  0.56972938865284983       0.28873491515088551       0.75929329427150660       0.11631051470454762       0.45497123195211259      -0.20714198950965251     
 -0.38629630976915674      -0.62348099735591034      -0.81124762777116799       -4.9195068067452830E-002  0.50239175323907748       0.21293086509537235       0.75654393149989041        8.8118180004486013E-002  0.38200598132237057      -0.25225365960675050     
 -0.45220177361165648      -0.58934848487759328      -0.81819687085413240       -2.0581644726159965E-002  0.59205267228095682       0.25751713388995950       0.88603716729075732        5.7533740597986341E-002  0.43357093589282142      -0.26396553044699184     
 -0.48761466642847190      -0.70479109318996269      -0.80040097598793492       -7.0238113822158527E-002  0.58154737710614390       0.23332868011083843       0.88513747200214210       0.10935077118265815       0.36751929109607728      -0.26557093448818531     
 -0.45742886255276383      -0.55907153834747136      -0.85295985503317329       -6.8816579005337761E-002  0.44732104265119810       0.12693869302223607       0.73663846164722568        2.5281900090110158E-002  0.32045051166480215      -0.31848057589262918     
 -0.38139835881787648      -0.53433335995309583      -0.76598385064331731       -8.1705167230862227E-002  0.51245414593644634       0.21593892197981596       0.72197553473334186        9.3411776530827759E-002  0.39851947150674177      -0.26925052873766692     
 -0.33091656684506660      -0.59909929963075403      -0.83258002869529690      -0.10775495568758511       0.41241884793044853       0.16960634317006157       0.62810905233151715        3.6036127231846418E-002  0.30247501984891612      -0.21290907609515919     
 -0.50954907276589489      -0.67500199134740846      -0.88030594091197711       -6.5941839491654816E-002  0.53750473594169212       0.14815444709628744       0.89819513264887452        1.9608734771038566E-002  0.37488529538550941      -0.30502697880881863     
 -0.27688782240412418      -0.49395982229437801      -0.86077437622605757       -2.7486720606974539E-002  0.55864712628004720       0.23471360034540550       0.85556754347877439       0.12622255718374850       0.43068309003318822      -0.14167838606051245     
 -0.29247753994847958      -0.61196788830267368      -0.76714618088554754       -2.2185660081704091E-002  0.65135960141029725       0.33179358051898805       0.83726596169298706       0.20127979697158654       0.53111975232048225      -0.14583934855150543     
 -0.36783803226849049      -0.62528140449629044      -0.89863304054033866        3.5601376153706170E-002  0.63341177197829557       0.35739669167848787       0.91926407434146606       0.20116826957451786       0.49827806390989415      -0.21381402235864347     
 -0.36542012091814269      -0.57747521534950697      -0.91982567245418756       -5.2397177911635048E-002  0.66472846444644829       0.27960486004235879       0.79813093920860390        9.9729373188113896E-002  0.44609042982156366      -0.22133238710251429     
 -0.35118172195634911      -0.49777989520461452      -0.66509201892565895       -5.3989827499233152E-002  0.56187711686637032       0.25142250662143190       0.74823663667233808        8.5557859903651765E-002  0.47722795902495496      -0.21954723735040910     
 -0.30151299293396755      -0.56336532695475749      -0.77974345194542272        1.3850117823859224E-002  0.53537833229441301       0.19832257016167584       0.80967958559596143       0.14366919004054804       0.39910057835684820      -0.13795240078078019     
 -0.34082176660594310      -0.46067133976867897      -0.69234104631600579        1.1131159371169812E-002  0.55576754436637477       0.23680167133153585       0.73958490867394777       0.11525511366166698       0.45781979684331819      -0.21232656780741407     
 -0.35016335634519830      -0.55855085751358824      -0.79194846709658773        2.2243470363931674E-002  0.66040197383790333       0.25703980200166765       0.72975499159946045       0.12715150675503184       0.52295873117279790       -7.7289275201795404E-002
 -0.36443965481576351      -0.64367766601197185      -0.80730059473095761       -5.4023849233987432E-002  0.56355067608614529       0.25051332607857518       0.76022466157470914       0.10293606979172919       0.37270032768745948      -0.11753466797719628     
 -0.35288056991773969      -0.54016949528731451      -0.85523762284712079       -7.9856593072050341E-002  0.64568282157246804       0.22159304619704212       0.89552099703176158        9.2818934451088603E-002  0.37685158354217513      -0.21354035420758374     
 -0.31180142666917809      -0.44657379268612396      -0.65164968720514005       -2.5280176060688275E-002  0.58150653471486491       0.24561337801087810       0.86443293530531862       0.12563614667355216       0.40942813853719512      -0.15697122797914290     
 -0.38264457202722069      -0.55117481544826918      -0.78368970724082532       -8.8950433757761349E-002  0.69771149793512743       0.17880395999269952       0.80880412133020096        6.0057597874028798E-002  0.39640692445998921      -0.25408274953590892     
 -0.35503510475901168      -0.63285768117964802      -0.75232564383682465       -6.3252107494462501E-002  0.41462684365589353       0.17054182169951121       0.69022637448750412        8.3853214545175692E-002  0.33639122158754675      -0.20189660392765285     
 -0.41697646776175817      -0.63053411365769285      -0.81658885928166391       -2.7010203446675016E-002  0.60184463984772707       0.31814972780634132       0.80265413251500795       0.11637056003811665       0.47431432716249972      -0.13750025312405356     
 -0.39267741654106503      -0.63328557470863334      -0.77308623885185657       -8.3346672169415811E-002  0.63664158275878924       0.30290181602569322       0.79217865628152595        4.8305882927460575E-002  0.41409001806887846      -0.21804702662985956     
 -0.45104137570038488      -0.66481847717495424      -0.82198908033659357      -0.14465971879514836       0.52133591003111235       0.24896110307482072       0.72421054376817440        8.2823151386462041E-002  0.32780073561740980      -0.29849507154247834     
 -0.46185877072354159      -0.58574007547946194      -0.72787293516322327      -0.12290971987836846       0.53688467659792860       0.17133441743120847       0.75692368214496375       -1.0095724426787354E-002  0.28714182329533411      -0.26035893080824363     
 -0.42014586439117724      -0.57753373919206508      -0.75826211000573562      -0.13083683385487208       0.54393013499107634       0.24104497123913171       0.73519822800318280        2.0161240351521077E-002  0.38196767608206328      -0.28098381334532407     
 -0.45213182661524942      -0.57443892072366853      -0.90780429540713636      -0.17802402118061947       0.51653005627055104       0.18670019130147997       0.74903394082479458       -6.7151454315874826E-002  0.35934275664504317      -0.39926875577941118     
 -0.53361258616920249      -0.61428299695168498      -0.91716590696585432       -9.9941458424217713E-002  0.46720356250530293       0.14778262230204639       0.77021554521373181        7.5341988295998363E-002  0.28039857156446640      -0.27291075995747993     
 -0.46045305994500646      -0.54836689624189283      -0.85348425226879809       -9.4558332380673710E-002  0.53166600303939404       0.23201623083576925       0.72645272629322433        1.7908518643975226E-002  0.30072286980915419      -0.21955171991356909     
 -0.44330841952844474      -0.55479733009350740      -0.70568082550451072      -0.20187128224014328       0.49833717916053510       0.13893885772373421       0.72551812556513395       -5.2453090913877266E-002  0.34176736900487970      -0.30880986578797209     
 -0.34503188111187810      -0.53242809771210242      -0.73950634234867307       -4.0233416604646528E-002  0.54774802364332564       0.24200778678718837       0.68491332516983217        6.5791796932902602E-002  0.43357527546867669      -0.26631305344314204     
 -0.48483638250822242      -0.57010528624724555      -0.74113573647207942       -9.7376134154326929E-002  0.48577769493734185       0.17842415220029123       0.78978554106552401        3.2308477774095894E-002  0.36261779714041936      -0.29946146159552289     
 -0.43796687562792785      -0.56716724829821530      -0.87254091786744792       -6.7469981169764132E-002  0.49628632727349020       0.23392323430497985       0.62940407748098148        7.1294956039176197E-002  0.37624896109779576      -0.35027053417190446     
 -0.41633666164591415      -0.55316824410957433      -0.78591567017200292       -7.4062942123234651E-002  0.60934763344118881       0.24232489266593363       0.82194317332011235        4.9510637658016617E-002  0.43734766753736259      -0.23120299433854219     
 -0.49978091935662738      -0.68611788779934979      -0.96922140598969053      -0.13570032229222578       0.52905555363102330       0.13690875777352765       0.71370928336764250       -9.0956146121924340E-003  0.36978023059112552      -0.23913959785488725     
 -0.44957943560635089      -0.58177727424066383      -0.79209774703163127       -1.1118101974631969E-002  0.61390653791791683       0.31751338949053315       0.88822398955794812       0.16518634993478923       0.44083070714864442      -0.28161251817290361     
 -0.47794990483073663      -0.54325067287440498      -0.74112971370258318      -0.12714251659494455       0.64540453180021662       0.23301898450224820       0.84565878885660273        8.9487070869193872E-002  0.59215594179570885      -0.21643610334894842     
 -0.34776839394725767      -0.53296988260577705      -0.79512859664132662       -2.4888878726625221E-002  0.58455909073438372       0.24726032548434732       0.79652921063612181        9.2092544983377253E-002  0.43769527209285425      -0.19328799159130669     
 -0.37156443941239348      -0.51870128689232509      -0.76143041480165641       -5.9349378064785019E-002  0.63031070558367241       0.37516369915958331       0.87043655255340269        4.2479198081036673E-002  0.49562462305366134      -0.17274228367705396     
 -0.37713490425536078      -0.50241045498722803      -0.61919235523432892        2.5368230100270776E-002  0.66867546072529938       0.36723788121260875       0.98291495430428577       0.18060405156096895       0.49030417450815539      -0.16912254864886356     
 -0.29796225362294021      -0.45570551314565977      -0.60510670028825975        7.2403309820449055E-002  0.66549532187386851       0.34951907080392697        1.0899612312693538       0.25110134123951200       0.52020660705672639       -7.6957321322864980E-002
 -0.47311903748379169      -0.63976341480000154      -0.90474775162983923       -2.7991344285505627E-002  0.61912525633290361       0.27387210693455821       0.73570056777922177       0.14634197357763029       0.41413596157104260      -0.18755860741077496     
 -0.41608077333848353      -0.60124573939071191      -0.78129566760452762       -2.8597279107425950E-002  0.55221374046984528       0.23172689932698970       0.81683478577373214       0.12786362069933724       0.37388940290506817      -0.20608627193090770     
 -0.36120913905668339      -0.51582318008767614      -0.82600447489845175       -6.9684596089596124E-002  0.57436951253320012       0.25660302493803228       0.84871794367767994       0.10145151561523852       0.39533313179090018      -0.30068999560249288     
 -0.45403167588746529      -0.59057485603671356      -0.84801204955034826       -7.8857495571607331E-002  0.47341715271255519       0.20233088040563127       0.80448639355141249        4.2873135802535281E-002  0.27449708592159217      -0.20268696431433778     
 -0.44989737749978143      -0.64205183390931331      -0.68214493089902550      -0.12367734735091250       0.57619329754832604       0.26483401507925314       0.84986378160532450       0.11091791104027535       0.37981208422593044      -0.24372054324391210     
 -0.45421456797297322      -0.57497609442478492      -0.79708632954123360       -6.8673767346224074E-002  0.53612296303940743       0.23470661261291068       0.66809630046839641       0.11485710289519672       0.41895886947107114      -0.21141230882869952     
 -0.46877485158520688      -0.61667943799217029      -0.83808373857740248       -5.3590455968082953E-003  0.64029163930392363       0.30234469198785796       0.87031348536826891       0.10197785521161608       0.56623245105291675      -0.20374938882252458     
 -0.42508193467188965      -0.61643483395411813      -0.81136634393728269       -3.2907494436383945E-002  0.61548286680508058       0.32002345774992969       0.97975368981657318       0.14045908901236839       0.46832342436935537      -0.22427168195408112     
 -0.36845557523055822      -0.48149022025524829      -0.82295999986533208       -4.6527309991567983E-002  0.57678565334520815       0.26874613289798627       0.88220989308974906       0.16426360779480095       0.39683139531397754      -0.12282008504240832     
 -0.30022958653222920      -0.45182287398216231      -0.68058899512861271        6.0461283187388130E-002  0.48523521541031922       0.27429534758412000       0.71936911991878338       0.16170909861583521       0.34655137849684176      -0.10851060475131999     
 -0.30477754263159895      -0.45238121422020272      -0.68003718804651936       -3.4564107656322993E-002  0.63106104805360241       0.20836136966357977       0.77278986023746266        7.3033862992090526E-002  0.45758233535415571      -0.18098994156261827     
 -0.42830352012049566      -0.56570562964373206      -0.77161690451266773       -3.3509739268218042E-002  0.59444957698678902       0.31456962520384124       0.76475599918067649       0.11102153734227875       0.37592001902455335      -0.23720815812725618     
 -0.33058722014862629      -0.42043356294997830      -0.76050178740983587       -6.0373487140180128E-002  0.59995816395839596       0.25721543129673802       0.79318140995183195       0.14996296758366065       0.38086977236423181      -0.19548013261275773     
 -0.31966198855464517      -0.51997370876616555      -0.82001374439526797        5.2104917804280887E-003  0.63270775459386830       0.27747484635441388       0.86372269634594390        9.7614604310909708E-002  0.49889321121541935      -0.24460180050779426     
 -0.39501321672924333      -0.63244683960166648      -0.83444404692529062       -7.4752616372428332E-002  0.66479953423968219       0.20869160519306304       0.82270808521640459        9.2819878769051331E-002  0.41147644378055981      -0.23945528806982611     
 -0.42568643148048202      -0.56660643929517829      -0.70834426843034770       -6.8181260627801929E-002  0.56713785130322014       0.25158495341362347       0.82774608134712324        7.6129725200175455E-002  0.41490464863790061      -0.29675980799919621     
 -0.38425013480854353      -0.56152467050240940      -0.66630582764992574       -1.9184589459522864E-003  0.55872435909533869       0.27851890213917374       0.83959129260288978       0.13849332359577235       0.44775155802876587      -0.18680672673033810     
 -0.36357090619793275      -0.59715236113767156      -0.79012257171731592       -3.3891545305902673E-002  0.60967789668041250       0.21453718218584863       0.89133489175085168        6.4861271837033441E-002  0.35694980561284878      -0.17808504727981683     
 -0.27718562864745760      -0.57103479652558065      -0.67901178562382336       -3.5730363175632981E-002  0.63170482253667315       0.25734587172880835       0.86091702013783489       0.10892854513076350       0.51769520279475645      -0.19358447884824631     
 -0.36567911280164928      -0.55539882339051505      -0.71754950548857466       -7.2981546093695421E-002  0.63645948832216426       0.27304636301393465       0.75827539979933500       0.14785794208256095       0.36951840890429838      -0.23517235011461524     
 -0.39020908667306192      -0.51987876187771764      -0.63928332122392850       -8.0152580401165074E-002  0.63797797196622219       0.25325291399396749       0.73390414423585260        7.4867021589021351E-002  0.50851848202311922      -0.24430106865635381     
 -0.45387804883675659      -0.59056037279459150      -0.76710939802889366      -0.11214606446256757       0.47513144291926285       0.16695847337814920       0.74002148695805348       -5.1421545427617371E-002  0.34742758587606909      -0.20174553497688053     
 -0.33953311384077089      -0.61249456484995701      -0.82216046828854938       -5.8642317356578322E-002  0.62410060026767944       0.19685310231460013       0.82901779098291661       0.14321780431086012       0.44525382022996185      -0.16909125628510291     
 -0.34810157495147842      -0.52954564723924902      -0.78825010258961159       -7.7304306431211334E-002  0.64399553219143790       0.23143711314675511       0.84533943320799443       0.12442817280583592       0.52620732094808043      -0.18029879039219593     
 -0.46755739365879562      -0.61968770512168136      -0.78832574055047766      -0.17303849652071368       0.62924555670443993       0.30719212190521894       0.72785896718437149       0.14381837064688918       0.36067278925476942      -0.35115870573539859     
 -0.36221825489097720      -0.56509570865847203      -0.79028231858707176       -9.6290651276268291E-002  0.53643606398685295       0.32996004292015618       0.80352709006429701       0.11273969218278546       0.39536668288694443      -0.31174792717310451     
 -0.43770979007869965      -0.54662374747145870      -0.80207188102536520       -9.3860653482887940E-002  0.63335423318964412       0.27090988206626121       0.79868428635745703        4.5932102784870914E-002  0.37864752537959701      -0.18439324364422419     
 -0.37234174751637317      -0.66110511308145958      -0.82084521375876929      -0.10279699777066255       0.54152725083454500       0.22738701151434917       0.67459191943771213       0.10485104044170278       0.34232400929350931      -0.25914561508757994     
 -0.36540508552558526      -0.52201792466198826      -0.88619461320675852      -0.11516873865190985       0.55836587173334162       0.18905051420389402       0.74000437669229258        1.2433996201702388E-002  0.39209049978719757      -0.25902604766872445     
 -0.26466282724086559      -0.55167345432824944      -0.74619033537604473       -2.8561473704643053E-002  0.57067660578648438       0.21614100478570852       0.80930558862052848       0.10787301409822368       0.39251101847800690      -0.14858679396885927     
 -0.33663851054460242      -0.50222733118012586      -0.66384308838127459       -3.8709229509882814E-002  0.52810143872916293       0.24380709321928282       0.66068864156195339       0.16490929358235940       0.33334116667474945      -0.14462384447566257     
 -0.34185719365321465      -0.48721711657985312      -0.73730521917255643        4.5302222904387679E-002  0.50417443447127475       0.31192129061259072       0.65568007820258345       0.22431528509017082       0.38539554317477720      -0.14986925589522535     
 -0.40499262165867606      -0.61677227602308460      -0.86431324489893468        6.2005104990170310E-003  0.55545552351122340       0.23550481025413447       0.67675314318556001       0.12075648106960971       0.32075613241898204      -0.14262931438500531     
 -0.31479136584609124      -0.58595401146587800      -0.78127110045441950      -0.12217093044846068       0.57940282097996043       0.25580699693981135       0.83601419398798438       0.14114906577691047       0.39124209073612543      -0.24162790040260526     
 -0.32801872334124854      -0.66892710397211730      -0.76260582448412906      -0.11834271680207181       0.52549731513797437       0.18674886952032033       0.80486797863031911        5.6407454417427309E-003  0.39276262916078453      -0.20422022865080450     
 -0.32659144969971599      -0.52418810221240708      -0.80708325998212016      -0.11876444018937071       0.45728833573254540       0.23102443085179183       0.69998428389411738        6.4113298417368361E-002  0.31133692785569439      -0.26011421844966770     
 -0.46520595675263343      -0.63958150225642263      -0.85494937039076968      -0.11355451714359012       0.60748802559638371       0.20421261502951374       0.77926641590146606        9.9458546128171663E-002  0.43209607549355200      -0.28121524148743038     
 -0.42200640639118675      -0.53813812797569904      -0.68867600470530921       -9.7185244422518885E-002  0.63922617934287362       0.23755349672306769       0.80932696768912327       0.18363181560591083       0.36641488233490838      -0.28047481380919115     
 -0.36526602259232716      -0.49946840637918244      -0.82361693952510473       -8.0259098640492937E-002  0.54209101208818355       0.28386603201339100       0.81851822397585772        7.4631901564162273E-002  0.37942927749949967      -0.24246481420872559     
 -0.37576211540610560      -0.51230243267922226      -0.68483361180465585       -8.3955600477509468E-002  0.52133405021060386       0.27897010549843210       0.70622833707597554        9.1741801835257000E-002  0.34963652506400578      -0.18245269620793830     
 -0.39516102582255591      -0.58987748560499698      -0.84164576000644664      -0.13598720471923845       0.59215633701620163       0.30265284946660320       0.81334094550643177        3.6619985784623908E-002  0.44748397312226951      -0.28945560483600336     
 -0.33441907066414028      -0.58797213538186244      -0.71709501527660058       -4.7409171194920996E-002  0.60114872350247761       0.29143178399269820       0.84961960369889822       0.10647840113951794       0.37581962572274719      -0.23873785444280571     
 -0.44585426997090855      -0.66232474550738984      -0.88349173322504371      -0.13194167534528761       0.61769838216326178       0.24399108624408081       0.88728266150333091        6.5020450284587389E-002  0.44936617367642639      -0.25331656964437077     
 -0.45392451681553159      -0.57843292442684624      -0.84680000142068801       -7.2306202493037541E-002  0.51177256632492651       0.29297042836985915       0.90319666097036766       0.11465632906955123       0.41602440124210671      -0.26805947608294795     
 -0.47877674282473259      -0.64162843396904290      -0.79778929820418543       -3.5552172074525080E-002  0.62889557349498904       0.29355862497253893       0.79904362004670426       0.10932993036029169       0.40538160176103011      -0.18687494481754297     
 -0.44374601966037980      -0.56512237652840591      -0.82011461853430223       -3.8018649966863695E-002  0.48173131492425864       0.20403312770887427       0.73009970158617143        5.8659244113708708E-002  0.35519842073601388      -0.25437443241447805     
 -0.45236563251961559      -0.57638156636036164      -0.75584532871570098       -6.8860592440415569E-003  0.57309204081461007       0.27302052868269994       0.72634972379811258       0.15589502258449597       0.44993757670413009      -0.30378438231017052     
 -0.41993293982360269      -0.59716091841223873      -0.82731393647389517       -6.5558770498350086E-002  0.70390073547428345       0.27620564580373719       0.94485590191764479       0.12956764575114044       0.42783658218324461      -0.25898370785351427     
 -0.52311522433220825      -0.63268635705325016      -0.78735183303644463      -0.15614346984642452       0.65687485378375765       0.20841792498499731       0.83261216686799522        4.6677256948500050E-002  0.33343021139899981      -0.30616385969517412     
 -0.30230185552324423      -0.43255074107155062      -0.70301161150920455       -2.5473816325086749E-002  0.62673699321142906       0.33193952361968554       0.87424894172961520       0.12288677640672477       0.42617304379278942      -0.18886030460875813     
 -0.36342812943145936      -0.54698190641211863      -0.71905647594829425       -8.3557897834050737E-002  0.47163716691797319       0.24118088048649627       0.72057908569470885        5.2173408117442213E-002  0.37055367383646459      -0.20046542382673446     
 -0.34851801827979129      -0.52648816557185774      -0.65433384379546378       -8.7715181486385685E-002  0.62973999359919464       0.20355480275337187       0.77623408697031471        8.6769632591875173E-002  0.31184131325539266      -0.22913301497669178     
